 -1.115E+01  1.844E-03  1.689E+02  7.885E+01  2.589E+02
 -8.014E+00  3.073E-03  1.720E+02  8.199E+01  2.620E+02
 -7.181E+00  4.302E-03  1.728E+02  8.282E+01  2.628E+02
 -6.795E+00  5.532E-03  1.732E+02  8.321E+01  2.632E+02
 -6.535E+00  6.761E-03  1.735E+02  8.347E+01  2.635E+02
 -6.338E+00  7.990E-03  1.737E+02  8.366E+01  2.637E+02
 -6.182E+00  9.219E-03  1.738E+02  8.382E+01  2.638E+02
 -6.054E+00  1.045E-02  1.739E+02  8.395E+01  2.639E+02
 -5.947E+00  1.168E-02  1.741E+02  8.405E+01  2.641E+02
 -5.857E+00  1.291E-02  1.741E+02  8.414E+01  2.641E+02
 -5.779E+00  1.414E-02  1.742E+02  8.422E+01  2.642E+02
 -5.712E+00  1.537E-02  1.743E+02  8.429E+01  2.643E+02
 -5.652E+00  1.659E-02  1.743E+02  8.435E+01  2.643E+02
 -5.600E+00  1.782E-02  1.744E+02  8.440E+01  2.644E+02
 -5.553E+00  1.905E-02  1.744E+02  8.445E+01  2.644E+02
 -5.511E+00  2.028E-02  1.745E+02  8.449E+01  2.645E+02
 -5.474E+00  2.151E-02  1.745E+02  8.453E+01  2.645E+02
 -5.439E+00  2.274E-02  1.746E+02  8.456E+01  2.646E+02
 -5.408E+00  2.397E-02  1.746E+02  8.459E+01  2.646E+02
 -5.379E+00  2.520E-02  1.746E+02  8.462E+01  2.646E+02
 -5.353E+00  2.643E-02  1.746E+02  8.465E+01  2.646E+02
 -5.328E+00  2.766E-02  1.747E+02  8.467E+01  2.647E+02
 -5.305E+00  2.889E-02  1.747E+02  8.469E+01  2.647E+02
 -5.284E+00  3.012E-02  1.747E+02  8.472E+01  2.647E+02
 -5.264E+00  3.135E-02  1.747E+02  8.474E+01  2.647E+02
 -5.246E+00  3.258E-02  1.748E+02  8.475E+01  2.648E+02
 -5.228E+00  3.380E-02  1.748E+02  8.477E+01  2.648E+02
 -5.212E+00  3.503E-02  1.748E+02  8.479E+01  2.648E+02
 -5.196E+00  3.626E-02  1.748E+02  8.480E+01  2.648E+02
 -5.182E+00  3.749E-02  1.748E+02  8.482E+01  2.648E+02
 -5.168E+00  3.872E-02  1.748E+02  8.483E+01  2.648E+02
 -5.154E+00  3.995E-02  1.748E+02  8.485E+01  2.648E+02
 -5.142E+00  4.118E-02  1.749E+02  8.486E+01  2.649E+02
 -5.130E+00  4.241E-02  1.749E+02  8.487E+01  2.649E+02
 -5.118E+00  4.364E-02  1.749E+02  8.488E+01  2.649E+02
 -5.107E+00  4.487E-02  1.749E+02  8.489E+01  2.649E+02
 -5.096E+00  4.610E-02  1.749E+02  8.490E+01  2.649E+02
 -5.085E+00  4.733E-02  1.749E+02  8.491E+01  2.649E+02
 -5.075E+00  4.856E-02  1.749E+02  8.492E+01  2.649E+02
 -5.066E+00  4.978E-02  1.749E+02  8.493E+01  2.649E+02
 -5.056E+00  5.101E-02  1.749E+02  8.494E+01  2.649E+02
 -5.047E+00  5.224E-02  1.750E+02  8.495E+01  2.650E+02
 -5.038E+00  5.347E-02  1.750E+02  8.496E+01  2.650E+02
 -5.030E+00  5.470E-02  1.750E+02  8.497E+01  2.650E+02
 -5.021E+00  5.593E-02  1.750E+02  8.498E+01  2.650E+02
 -5.013E+00  5.716E-02  1.750E+02  8.499E+01  2.650E+02
 -5.005E+00  5.839E-02  1.750E+02  8.500E+01  2.650E+02
 -4.997E+00  5.962E-02  1.750E+02  8.500E+01  2.650E+02
 -4.989E+00  6.085E-02  1.750E+02  8.501E+01  2.650E+02
 -4.981E+00  6.208E-02  1.750E+02  8.502E+01  2.650E+02
 -4.974E+00  6.331E-02  1.750E+02  8.503E+01  2.650E+02
 -4.966E+00  6.454E-02  1.750E+02  8.503E+01  2.650E+02
 -4.959E+00  6.577E-02  1.750E+02  8.504E+01  2.650E+02
 -4.952E+00  6.699E-02  1.750E+02  8.505E+01  2.650E+02
 -4.945E+00  6.822E-02  1.751E+02  8.506E+01  2.651E+02
 -4.937E+00  6.945E-02  1.751E+02  8.506E+01  2.651E+02
 -4.930E+00  7.068E-02  1.751E+02  8.507E+01  2.651E+02
 -4.923E+00  7.191E-02  1.751E+02  8.508E+01  2.651E+02
 -4.916E+00  7.314E-02  1.751E+02  8.508E+01  2.651E+02
 -4.910E+00  7.437E-02  1.751E+02  8.509E+01  2.651E+02
 -4.903E+00  7.560E-02  1.751E+02  8.510E+01  2.651E+02
 -4.896E+00  7.683E-02  1.751E+02  8.510E+01  2.651E+02
 -4.889E+00  7.806E-02  1.751E+02  8.511E+01  2.651E+02
 -4.882E+00  7.929E-02  1.751E+02  8.512E+01  2.651E+02
 -4.875E+00  8.052E-02  1.751E+02  8.512E+01  2.651E+02
 -4.868E+00  8.175E-02  1.751E+02  8.513E+01  2.651E+02
 -4.861E+00  8.297E-02  1.751E+02  8.514E+01  2.651E+02
 -4.855E+00  8.420E-02  1.751E+02  8.515E+01  2.651E+02
 -4.848E+00  8.543E-02  1.752E+02  8.515E+01  2.652E+02
 -4.841E+00  8.666E-02  1.752E+02  8.516E+01  2.652E+02
 -4.834E+00  8.789E-02  1.752E+02  8.517E+01  2.652E+02
 -4.827E+00  8.912E-02  1.752E+02  8.517E+01  2.652E+02
 -4.820E+00  9.035E-02  1.752E+02  8.518E+01  2.652E+02
 -4.813E+00  9.158E-02  1.752E+02  8.519E+01  2.652E+02
 -4.806E+00  9.281E-02  1.752E+02  8.519E+01  2.652E+02
 -4.798E+00  9.404E-02  1.752E+02  8.520E+01  2.652E+02
 -4.791E+00  9.527E-02  1.752E+02  8.521E+01  2.652E+02
 -4.784E+00  9.650E-02  1.752E+02  8.522E+01  2.652E+02
 -4.777E+00  9.773E-02  1.752E+02  8.522E+01  2.652E+02
 -4.769E+00  9.896E-02  1.752E+02  8.523E+01  2.652E+02
 -4.761E+00  1.002E-01  1.752E+02  8.524E+01  2.652E+02
 -4.754E+00  1.014E-01  1.752E+02  8.525E+01  2.652E+02
 -4.746E+00  1.026E-01  1.753E+02  8.525E+01  2.653E+02
 -4.739E+00  1.039E-01  1.753E+02  8.526E+01  2.653E+02
 -4.731E+00  1.051E-01  1.753E+02  8.527E+01  2.653E+02
 -4.723E+00  1.063E-01  1.753E+02  8.528E+01  2.653E+02
 -4.715E+00  1.076E-01  1.753E+02  8.529E+01  2.653E+02
 -4.707E+00  1.088E-01  1.753E+02  8.529E+01  2.653E+02
 -4.698E+00  1.100E-01  1.753E+02  8.530E+01  2.653E+02
 -4.690E+00  1.112E-01  1.753E+02  8.531E+01  2.653E+02
 -4.682E+00  1.125E-01  1.753E+02  8.532E+01  2.653E+02
 -4.673E+00  1.137E-01  1.753E+02  8.533E+01  2.653E+02
 -4.665E+00  1.149E-01  1.753E+02  8.534E+01  2.653E+02
 -4.656E+00  1.162E-01  1.753E+02  8.534E+01  2.653E+02
 -4.647E+00  1.174E-01  1.754E+02  8.535E+01  2.654E+02
 -4.638E+00  1.186E-01  1.754E+02  8.536E+01  2.654E+02
 -4.629E+00  1.199E-01  1.754E+02  8.537E+01  2.654E+02
 -4.620E+00  1.211E-01  1.754E+02  8.538E+01  2.654E+02
 -4.610E+00  1.223E-01  1.754E+02  8.539E+01  2.654E+02
 -4.601E+00  1.235E-01  1.754E+02  8.540E+01  2.654E+02
 -4.591E+00  1.248E-01  1.754E+02  8.541E+01  2.654E+02
 -4.581E+00  1.260E-01  1.754E+02  8.542E+01  2.654E+02
 -4.571E+00  1.272E-01  1.754E+02  8.543E+01  2.654E+02
 -4.561E+00  1.285E-01  1.754E+02  8.544E+01  2.654E+02
 -4.551E+00  1.297E-01  1.754E+02  8.545E+01  2.654E+02
 -4.541E+00  1.309E-01  1.755E+02  8.546E+01  2.655E+02
 -4.530E+00  1.321E-01  1.755E+02  8.547E+01  2.655E+02
 -4.520E+00  1.334E-01  1.755E+02  8.548E+01  2.655E+02
 -4.509E+00  1.346E-01  1.755E+02  8.549E+01  2.655E+02
 -4.498E+00  1.358E-01  1.755E+02  8.550E+01  2.655E+02
 -4.487E+00  1.371E-01  1.755E+02  8.551E+01  2.655E+02
 -4.475E+00  1.383E-01  1.755E+02  8.552E+01  2.655E+02
 -4.464E+00  1.395E-01  1.755E+02  8.554E+01  2.655E+02
 -4.452E+00  1.407E-01  1.755E+02  8.555E+01  2.655E+02
 -4.441E+00  1.420E-01  1.756E+02  8.556E+01  2.656E+02
 -4.429E+00  1.432E-01  1.756E+02  8.557E+01  2.656E+02
 -4.416E+00  1.444E-01  1.756E+02  8.558E+01  2.656E+02
 -4.404E+00  1.457E-01  1.756E+02  8.560E+01  2.656E+02
 -4.392E+00  1.469E-01  1.756E+02  8.561E+01  2.656E+02
 -4.379E+00  1.481E-01  1.756E+02  8.562E+01  2.656E+02
 -4.366E+00  1.494E-01  1.756E+02  8.563E+01  2.656E+02
 -4.353E+00  1.506E-01  1.756E+02  8.565E+01  2.656E+02
 -4.339E+00  1.518E-01  1.757E+02  8.566E+01  2.657E+02
 -4.326E+00  1.530E-01  1.757E+02  8.567E+01  2.657E+02
 -4.312E+00  1.543E-01  1.757E+02  8.569E+01  2.657E+02
 -4.298E+00  1.555E-01  1.757E+02  8.570E+01  2.657E+02
 -4.284E+00  1.567E-01  1.757E+02  8.572E+01  2.657E+02
 -4.270E+00  1.580E-01  1.757E+02  8.573E+01  2.657E+02
 -4.256E+00  1.592E-01  1.757E+02  8.574E+01  2.657E+02
 -4.241E+00  1.604E-01  1.758E+02  8.576E+01  2.658E+02
 -4.226E+00  1.616E-01  1.758E+02  8.577E+01  2.658E+02
 -4.211E+00  1.629E-01  1.758E+02  8.579E+01  2.658E+02
 -4.196E+00  1.641E-01  1.758E+02  8.580E+01  2.658E+02
 -4.180E+00  1.653E-01  1.758E+02  8.582E+01  2.658E+02
 -4.164E+00  1.666E-01  1.758E+02  8.584E+01  2.658E+02
 -4.148E+00  1.678E-01  1.759E+02  8.585E+01  2.659E+02
 -4.132E+00  1.690E-01  1.759E+02  8.587E+01  2.659E+02
 -4.115E+00  1.703E-01  1.759E+02  8.588E+01  2.659E+02
 -4.099E+00  1.715E-01  1.759E+02  8.590E+01  2.659E+02
 -4.082E+00  1.727E-01  1.759E+02  8.592E+01  2.659E+02
 -4.065E+00  1.739E-01  1.759E+02  8.594E+01  2.659E+02
 -4.047E+00  1.752E-01  1.760E+02  8.595E+01  2.660E+02
 -4.030E+00  1.764E-01  1.760E+02  8.597E+01  2.660E+02
 -4.012E+00  1.776E-01  1.760E+02  8.599E+01  2.660E+02
 -3.994E+00  1.789E-01  1.760E+02  8.601E+01  2.660E+02
 -3.975E+00  1.801E-01  1.760E+02  8.602E+01  2.660E+02
 -3.957E+00  1.813E-01  1.760E+02  8.604E+01  2.660E+02
 -3.938E+00  1.825E-01  1.761E+02  8.606E+01  2.661E+02
 -3.919E+00  1.838E-01  1.761E+02  8.608E+01  2.661E+02
 -3.900E+00  1.850E-01  1.761E+02  8.610E+01  2.661E+02
 -3.880E+00  1.862E-01  1.761E+02  8.612E+01  2.661E+02
 -3.860E+00  1.875E-01  1.761E+02  8.614E+01  2.661E+02
 -3.840E+00  1.887E-01  1.762E+02  8.616E+01  2.662E+02
 -3.820E+00  1.899E-01  1.762E+02  8.618E+01  2.662E+02
 -3.799E+00  1.911E-01  1.762E+02  8.620E+01  2.662E+02
 -3.778E+00  1.924E-01  1.762E+02  8.622E+01  2.662E+02
 -3.757E+00  1.936E-01  1.762E+02  8.624E+01  2.662E+02
 -3.736E+00  1.948E-01  1.763E+02  8.626E+01  2.663E+02
 -3.714E+00  1.961E-01  1.763E+02  8.629E+01  2.663E+02
 -3.692E+00  1.973E-01  1.763E+02  8.631E+01  2.663E+02
 -3.670E+00  1.985E-01  1.763E+02  8.633E+01  2.663E+02
 -3.647E+00  1.998E-01  1.764E+02  8.635E+01  2.664E+02
 -3.624E+00  2.010E-01  1.764E+02  8.638E+01  2.664E+02
 -3.601E+00  2.022E-01  1.764E+02  8.640E+01  2.664E+02
 -3.578E+00  2.034E-01  1.764E+02  8.642E+01  2.664E+02
 -3.554E+00  2.047E-01  1.764E+02  8.645E+01  2.664E+02
 -3.531E+00  2.059E-01  1.765E+02  8.647E+01  2.665E+02
 -3.506E+00  2.071E-01  1.765E+02  8.649E+01  2.665E+02
 -3.482E+00  2.084E-01  1.765E+02  8.652E+01  2.665E+02
 -3.457E+00  2.096E-01  1.765E+02  8.654E+01  2.665E+02
 -3.432E+00  2.108E-01  1.766E+02  8.657E+01  2.666E+02
 -3.407E+00  2.120E-01  1.766E+02  8.659E+01  2.666E+02
 -3.381E+00  2.133E-01  1.766E+02  8.662E+01  2.666E+02
 -3.355E+00  2.145E-01  1.766E+02  8.664E+01  2.666E+02
 -3.329E+00  2.157E-01  1.767E+02  8.667E+01  2.667E+02
 -3.303E+00  2.170E-01  1.767E+02  8.670E+01  2.667E+02
 -3.276E+00  2.182E-01  1.767E+02  8.672E+01  2.667E+02
 -3.249E+00  2.194E-01  1.768E+02  8.675E+01  2.668E+02
 -3.222E+00  2.207E-01  1.768E+02  8.678E+01  2.668E+02
 -3.194E+00  2.219E-01  1.768E+02  8.681E+01  2.668E+02
 -3.166E+00  2.231E-01  1.768E+02  8.683E+01  2.668E+02
 -3.138E+00  2.243E-01  1.769E+02  8.686E+01  2.669E+02
 -3.110E+00  2.256E-01  1.769E+02  8.689E+01  2.669E+02
 -3.081E+00  2.268E-01  1.769E+02  8.692E+01  2.669E+02
 -3.052E+00  2.280E-01  1.769E+02  8.695E+01  2.669E+02
 -3.023E+00  2.293E-01  1.770E+02  8.698E+01  2.670E+02
 -2.993E+00  2.305E-01  1.770E+02  8.701E+01  2.670E+02
 -2.963E+00  2.317E-01  1.770E+02  8.704E+01  2.670E+02
 -2.933E+00  2.329E-01  1.771E+02  8.707E+01  2.671E+02
 -2.903E+00  2.342E-01  1.771E+02  8.710E+01  2.671E+02
 -2.872E+00  2.354E-01  1.771E+02  8.713E+01  2.671E+02
 -2.841E+00  2.366E-01  1.772E+02  8.716E+01  2.672E+02
 -2.810E+00  2.379E-01  1.772E+02  8.719E+01  2.672E+02
 -2.778E+00  2.391E-01  1.772E+02  8.722E+01  2.672E+02
 -2.747E+00  2.403E-01  1.773E+02  8.725E+01  2.673E+02
 -2.715E+00  2.415E-01  1.773E+02  8.729E+01  2.673E+02
 -2.683E+00  2.428E-01  1.773E+02  8.732E+01  2.673E+02
 -2.650E+00  2.440E-01  1.773E+02  8.735E+01  2.673E+02
 -2.617E+00  2.452E-01  1.774E+02  8.738E+01  2.674E+02
 -2.585E+00  2.465E-01  1.774E+02  8.742E+01  2.674E+02
 -2.551E+00  2.477E-01  1.774E+02  8.745E+01  2.674E+02
 -2.518E+00  2.489E-01  1.775E+02  8.748E+01  2.675E+02
 -2.484E+00  2.502E-01  1.775E+02  8.752E+01  2.675E+02
 -2.451E+00  2.514E-01  1.775E+02  8.755E+01  2.675E+02
 -2.417E+00  2.526E-01  1.776E+02  8.758E+01  2.676E+02
 -2.383E+00  2.538E-01  1.776E+02  8.762E+01  2.676E+02
 -2.348E+00  2.551E-01  1.777E+02  8.765E+01  2.677E+02
 -2.314E+00  2.563E-01  1.777E+02  8.769E+01  2.677E+02
 -2.279E+00  2.575E-01  1.777E+02  8.772E+01  2.677E+02
 -2.245E+00  2.588E-01  1.778E+02  8.776E+01  2.678E+02
 -2.210E+00  2.600E-01  1.778E+02  8.779E+01  2.678E+02
 -2.175E+00  2.612E-01  1.778E+02  8.783E+01  2.678E+02
 -2.140E+00  2.624E-01  1.779E+02  8.786E+01  2.679E+02
 -2.105E+00  2.637E-01  1.779E+02  8.790E+01  2.679E+02
 -2.070E+00  2.649E-01  1.779E+02  8.793E+01  2.679E+02
 -2.035E+00  2.661E-01  1.780E+02  8.797E+01  2.680E+02
 -2.000E+00  2.674E-01  1.780E+02  8.800E+01  2.680E+02
 -1.965E+00  2.686E-01  1.780E+02  8.803E+01  2.680E+02
 -1.931E+00  2.698E-01  1.781E+02  8.807E+01  2.681E+02
 -1.896E+00  2.711E-01  1.781E+02  8.810E+01  2.681E+02
 -1.862E+00  2.723E-01  1.781E+02  8.814E+01  2.681E+02
 -1.827E+00  2.735E-01  1.782E+02  8.817E+01  2.682E+02
 -1.794E+00  2.747E-01  1.782E+02  8.821E+01  2.682E+02
 -1.760E+00  2.760E-01  1.782E+02  8.824E+01  2.682E+02
 -1.727E+00  2.772E-01  1.783E+02  8.827E+01  2.683E+02
 -1.695E+00  2.784E-01  1.783E+02  8.831E+01  2.683E+02
 -1.663E+00  2.797E-01  1.783E+02  8.834E+01  2.683E+02
 -1.632E+00  2.809E-01  1.784E+02  8.837E+01  2.684E+02
 -1.602E+00  2.821E-01  1.784E+02  8.840E+01  2.684E+02
 -1.572E+00  2.833E-01  1.784E+02  8.843E+01  2.684E+02
 -1.544E+00  2.846E-01  1.785E+02  8.846E+01  2.685E+02
 -1.517E+00  2.858E-01  1.785E+02  8.848E+01  2.685E+02
 -1.491E+00  2.870E-01  1.785E+02  8.851E+01  2.685E+02
 -1.468E+00  2.883E-01  1.785E+02  8.853E+01  2.685E+02
 -1.445E+00  2.895E-01  1.786E+02  8.855E+01  2.686E+02
 -1.426E+00  2.907E-01  1.786E+02  8.857E+01  2.686E+02
 -1.408E+00  2.919E-01  1.786E+02  8.859E+01  2.686E+02
 -1.394E+00  2.932E-01  1.786E+02  8.861E+01  2.686E+02
 -1.383E+00  2.944E-01  1.786E+02  8.862E+01  2.686E+02
 -1.376E+00  2.956E-01  1.786E+02  8.862E+01  2.686E+02
 -1.373E+00  2.969E-01  1.786E+02  8.863E+01  2.686E+02
 -1.376E+00  2.981E-01  1.786E+02  8.862E+01  2.686E+02
 -1.386E+00  2.993E-01  1.786E+02  8.861E+01  2.686E+02
 -1.403E+00  3.006E-01  1.786E+02  8.860E+01  2.686E+02
 -1.430E+00  3.018E-01  1.786E+02  8.857E+01  2.686E+02
 -1.467E+00  3.030E-01  1.785E+02  8.853E+01  2.685E+02
 -1.519E+00  3.042E-01  1.785E+02  8.848E+01  2.685E+02
 -1.588E+00  3.055E-01  1.784E+02  8.841E+01  2.684E+02
 -1.680E+00  3.067E-01  1.783E+02  8.832E+01  2.683E+02
 -1.800E+00  3.079E-01  1.782E+02  8.820E+01  2.682E+02
 -1.958E+00  3.092E-01  1.780E+02  8.804E+01  2.680E+02
 -2.169E+00  3.104E-01  1.778E+02  8.783E+01  2.678E+02
 -2.453E+00  3.116E-01  1.775E+02  8.755E+01  2.675E+02
 -2.846E+00  3.128E-01  1.772E+02  8.715E+01  2.672E+02
 -3.409E+00  3.141E-01  1.766E+02  8.659E+01  2.666E+02
 -4.261E+00  3.153E-01  1.757E+02  8.574E+01  2.657E+02
 -5.655E+00  3.165E-01  1.743E+02  8.434E+01  2.643E+02
 -8.205E+00  3.178E-01  1.718E+02  8.180E+01  2.618E+02
 -1.308E+01  3.190E-01  1.669E+02  7.692E+01  2.569E+02
 -1.031E+01  8.832E-01  1.697E+02  7.969E+01  2.597E+02
 -1.049E+01  8.844E-01  1.695E+02  7.951E+01  2.595E+02
 -1.063E+01  8.857E-01  1.694E+02  7.937E+01  2.594E+02
 -1.075E+01  8.869E-01  1.693E+02  7.925E+01  2.593E+02
 -1.085E+01  8.881E-01  1.691E+02  7.915E+01  2.591E+02
 -1.095E+01  8.894E-01  1.691E+02  7.905E+01  2.591E+02
 -1.104E+01  8.906E-01  1.690E+02  7.896E+01  2.590E+02
 -1.113E+01  8.918E-01  1.689E+02  7.887E+01  2.589E+02
 -1.121E+01  8.931E-01  1.688E+02  7.879E+01  2.588E+02
 -1.129E+01  8.943E-01  1.687E+02  7.871E+01  2.587E+02
 -1.137E+01  8.955E-01  1.686E+02  7.863E+01  2.586E+02
 -1.144E+01  8.967E-01  1.686E+02  7.856E+01  2.586E+02
 -1.152E+01  8.980E-01  1.685E+02  7.848E+01  2.585E+02
 -1.159E+01  8.992E-01  1.684E+02  7.841E+01  2.584E+02
 -1.166E+01  9.004E-01  1.683E+02  7.834E+01  2.583E+02
 -1.173E+01  9.017E-01  1.683E+02  7.827E+01  2.583E+02
 -1.179E+01  9.029E-01  1.682E+02  7.821E+01  2.582E+02
 -1.186E+01  9.041E-01  1.681E+02  7.814E+01  2.581E+02
 -1.192E+01  9.053E-01  1.681E+02  7.808E+01  2.581E+02
 -1.199E+01  9.066E-01  1.680E+02  7.801E+01  2.580E+02
 -1.205E+01  9.078E-01  1.680E+02  7.795E+01  2.580E+02
 -1.211E+01  9.090E-01  1.679E+02  7.789E+01  2.579E+02
 -1.217E+01  9.103E-01  1.678E+02  7.783E+01  2.578E+02
 -1.223E+01  9.115E-01  1.678E+02  7.777E+01  2.578E+02
 -1.228E+01  9.127E-01  1.677E+02  7.772E+01  2.577E+02
 -1.234E+01  9.140E-01  1.677E+02  7.766E+01  2.577E+02
 -1.239E+01  9.152E-01  1.676E+02  7.761E+01  2.576E+02
 -1.245E+01  9.164E-01  1.676E+02  7.755E+01  2.576E+02
 -1.250E+01  9.176E-01  1.675E+02  7.750E+01  2.575E+02
 -1.256E+01  9.189E-01  1.674E+02  7.744E+01  2.574E+02
 -1.261E+01  9.201E-01  1.674E+02  7.739E+01  2.574E+02
 -1.266E+01  9.213E-01  1.673E+02  7.734E+01  2.573E+02
 -1.271E+01  9.226E-01  1.673E+02  7.729E+01  2.573E+02
 -1.276E+01  9.238E-01  1.672E+02  7.724E+01  2.572E+02
 -1.281E+01  9.250E-01  1.672E+02  7.719E+01  2.572E+02
 -1.286E+01  9.262E-01  1.671E+02  7.714E+01  2.571E+02
 -1.290E+01  9.275E-01  1.671E+02  7.710E+01  2.571E+02
 -1.295E+01  9.287E-01  1.670E+02  7.705E+01  2.570E+02
 -1.300E+01  9.299E-01  1.670E+02  7.700E+01  2.570E+02
 -1.305E+01  9.312E-01  1.670E+02  7.695E+01  2.570E+02
 -1.309E+01  9.324E-01  1.669E+02  7.691E+01  2.569E+02
 -1.314E+01  9.336E-01  1.669E+02  7.686E+01  2.569E+02
 -1.318E+01  9.348E-01  1.668E+02  7.682E+01  2.568E+02
 -1.323E+01  9.361E-01  1.668E+02  7.677E+01  2.568E+02
 -1.327E+01  9.373E-01  1.667E+02  7.673E+01  2.567E+02
 -1.332E+01  9.385E-01  1.667E+02  7.668E+01  2.567E+02
 -1.336E+01  9.398E-01  1.666E+02  7.664E+01  2.566E+02
 -1.341E+01  9.410E-01  1.666E+02  7.659E+01  2.566E+02
 -1.345E+01  9.422E-01  1.666E+02  7.655E+01  2.566E+02
 -1.349E+01  9.435E-01  1.665E+02  7.651E+01  2.565E+02
 -1.354E+01  9.447E-01  1.665E+02  7.646E+01  2.565E+02
 -1.358E+01  9.459E-01  1.664E+02  7.642E+01  2.564E+02
 -1.362E+01  9.471E-01  1.664E+02  7.638E+01  2.564E+02
 -1.367E+01  9.484E-01  1.663E+02  7.633E+01  2.563E+02
 -1.371E+01  9.496E-01  1.663E+02  7.629E+01  2.563E+02
 -1.376E+01  9.508E-01  1.662E+02  7.624E+01  2.562E+02
 -1.380E+01  9.521E-01  1.662E+02  7.620E+01  2.562E+02
 -1.385E+01  9.533E-01  1.662E+02  7.615E+01  2.562E+02
 -1.389E+01  9.545E-01  1.661E+02  7.611E+01  2.561E+02
 -1.394E+01  9.557E-01  1.661E+02  7.606E+01  2.561E+02
 -1.398E+01  9.570E-01  1.660E+02  7.602E+01  2.560E+02
 -1.403E+01  9.582E-01  1.660E+02  7.597E+01  2.560E+02
 -1.407E+01  9.594E-01  1.659E+02  7.593E+01  2.559E+02
 -1.412E+01  9.607E-01  1.659E+02  7.588E+01  2.559E+02
 -1.417E+01  9.619E-01  1.658E+02  7.583E+01  2.558E+02
 -1.422E+01  9.631E-01  1.658E+02  7.578E+01  2.558E+02
 -1.427E+01  9.644E-01  1.657E+02  7.573E+01  2.557E+02
 -1.432E+01  9.656E-01  1.657E+02  7.568E+01  2.557E+02
 -1.438E+01  9.668E-01  1.656E+02  7.562E+01  2.556E+02
 -1.443E+01  9.680E-01  1.656E+02  7.557E+01  2.556E+02
 -1.449E+01  9.693E-01  1.655E+02  7.551E+01  2.555E+02
 -1.454E+01  9.705E-01  1.655E+02  7.546E+01  2.555E+02
 -1.460E+01  9.717E-01  1.654E+02  7.540E+01  2.554E+02
 -1.467E+01  9.730E-01  1.653E+02  7.533E+01  2.553E+02
 -1.473E+01  9.742E-01  1.653E+02  7.527E+01  2.553E+02
 -1.480E+01  9.754E-01  1.652E+02  7.520E+01  2.552E+02
 -1.487E+01  9.766E-01  1.651E+02  7.513E+01  2.551E+02
 -1.495E+01  9.779E-01  1.651E+02  7.505E+01  2.551E+02
 -1.503E+01  9.791E-01  1.650E+02  7.497E+01  2.550E+02
 -1.512E+01  9.803E-01  1.649E+02  7.488E+01  2.549E+02
 -1.521E+01  9.816E-01  1.648E+02  7.479E+01  2.548E+02
 -1.531E+01  9.828E-01  1.647E+02  7.469E+01  2.547E+02
 -1.542E+01  9.840E-01  1.646E+02  7.458E+01  2.546E+02
 -1.554E+01  9.852E-01  1.645E+02  7.446E+01  2.545E+02
 -1.567E+01  9.865E-01  1.643E+02  7.433E+01  2.543E+02
 -1.582E+01  9.877E-01  1.642E+02  7.418E+01  2.542E+02
 -1.598E+01  9.889E-01  1.640E+02  7.402E+01  2.540E+02
 -1.617E+01  9.902E-01  1.638E+02  7.383E+01  2.538E+02
 -1.640E+01  9.914E-01  1.636E+02  7.360E+01  2.536E+02
 -1.666E+01  9.926E-01  1.633E+02  7.334E+01  2.533E+02
 -1.697E+01  9.939E-01  1.630E+02  7.303E+01  2.530E+02
 -1.735E+01  9.951E-01  1.626E+02  7.265E+01  2.526E+02
 -1.784E+01  9.963E-01  1.622E+02  7.216E+01  2.522E+02
 -1.848E+01  9.975E-01  1.615E+02  7.152E+01  2.515E+02
 -1.935E+01  9.988E-01  1.606E+02  7.065E+01  2.506E+02
 -2.064E+01  1.000E+00  1.594E+02  6.936E+01  2.494E+02
 -2.268E+01  1.001E+00  1.573E+02  6.732E+01  2.473E+02
 -2.633E+01  1.002E+00  1.537E+02  6.367E+01  2.437E+02
 -3.369E+01  1.004E+00  1.463E+02  5.631E+01  2.363E+02
 -4.669E+01  1.005E+00  1.333E+02  4.331E+01  2.233E+02
 -5.800E+01  1.006E+00  1.220E+02  3.200E+01  2.120E+02
 -6.376E+01  1.007E+00  1.162E+02  2.624E+01  2.062E+02
 -6.671E+01  1.009E+00  1.133E+02  2.329E+01  2.033E+02
 -6.844E+01  1.010E+00  1.116E+02  2.156E+01  2.016E+02
 -6.955E+01  1.011E+00  1.104E+02  2.045E+01  2.004E+02
 -7.034E+01  1.012E+00  1.097E+02  1.966E+01  1.997E+02
 -7.092E+01  1.014E+00  1.091E+02  1.908E+01  1.991E+02
 -7.136E+01  1.015E+00  1.086E+02  1.864E+01  1.986E+02
 -7.172E+01  1.016E+00  1.083E+02  1.828E+01  1.983E+02
 -7.201E+01  1.017E+00  1.080E+02  1.799E+01  1.980E+02
 -7.226E+01  1.018E+00  1.077E+02  1.774E+01  1.977E+02
 -7.247E+01  1.020E+00  1.075E+02  1.753E+01  1.975E+02
 -7.265E+01  1.021E+00  1.074E+02  1.735E+01  1.974E+02
 -7.281E+01  1.022E+00  1.072E+02  1.719E+01  1.972E+02
 -7.295E+01  1.023E+00  1.071E+02  1.705E+01  1.971E+02
 -7.307E+01  1.025E+00  1.069E+02  1.693E+01  1.969E+02
 -7.319E+01  1.026E+00  1.068E+02  1.681E+01  1.968E+02
 -7.329E+01  1.027E+00  1.067E+02  1.671E+01  1.967E+02
 -7.339E+01  1.028E+00  1.066E+02  1.661E+01  1.966E+02
 -7.348E+01  1.030E+00  1.065E+02  1.652E+01  1.965E+02
 -7.356E+01  1.031E+00  1.064E+02  1.644E+01  1.964E+02
 -7.364E+01  1.032E+00  1.064E+02  1.636E+01  1.964E+02
 -7.371E+01  1.033E+00  1.063E+02  1.629E+01  1.963E+02
 -7.378E+01  1.034E+00  1.062E+02  1.622E+01  1.962E+02
 -7.385E+01  1.036E+00  1.062E+02  1.615E+01  1.962E+02
 -7.391E+01  1.037E+00  1.061E+02  1.609E+01  1.961E+02
 -7.397E+01  1.038E+00  1.060E+02  1.603E+01  1.960E+02
 -7.403E+01  1.039E+00  1.060E+02  1.597E+01  1.960E+02
 -7.408E+01  1.041E+00  1.059E+02  1.592E+01  1.959E+02
 -7.413E+01  1.042E+00  1.059E+02  1.587E+01  1.959E+02
 -7.419E+01  1.043E+00  1.058E+02  1.581E+01  1.958E+02
 -7.424E+01  1.044E+00  1.058E+02  1.576E+01  1.958E+02
 -7.428E+01  1.045E+00  1.057E+02  1.572E+01  1.957E+02
 -7.433E+01  1.047E+00  1.057E+02  1.567E+01  1.957E+02
 -7.438E+01  1.048E+00  1.056E+02  1.562E+01  1.956E+02
 -7.442E+01  1.049E+00  1.056E+02  1.558E+01  1.956E+02
 -7.447E+01  1.050E+00  1.055E+02  1.553E+01  1.955E+02
 -7.451E+01  1.052E+00  1.055E+02  1.549E+01  1.955E+02
 -7.455E+01  1.053E+00  1.054E+02  1.545E+01  1.954E+02
 -7.459E+01  1.054E+00  1.054E+02  1.541E+01  1.954E+02
 -7.464E+01  1.055E+00  1.054E+02  1.536E+01  1.954E+02
 -7.468E+01  1.057E+00  1.053E+02  1.532E+01  1.953E+02
 -7.472E+01  1.058E+00  1.053E+02  1.528E+01  1.953E+02
 -7.476E+01  1.059E+00  1.052E+02  1.524E+01  1.952E+02
 -7.480E+01  1.060E+00  1.052E+02  1.520E+01  1.952E+02
 -7.484E+01  1.061E+00  1.052E+02  1.516E+01  1.952E+02
 -7.487E+01  1.063E+00  1.051E+02  1.513E+01  1.951E+02
 -7.491E+01  1.064E+00  1.051E+02  1.509E+01  1.951E+02
 -7.495E+01  1.065E+00  1.050E+02  1.505E+01  1.950E+02
 -7.499E+01  1.066E+00  1.050E+02  1.501E+01  1.950E+02
 -7.503E+01  1.068E+00  1.050E+02  1.497E+01  1.950E+02
 -7.506E+01  1.069E+00  1.049E+02  1.494E+01  1.949E+02
 -7.510E+01  1.070E+00  1.049E+02  1.490E+01  1.949E+02
 -7.514E+01  1.071E+00  1.049E+02  1.486E+01  1.949E+02
 -7.518E+01  1.073E+00  1.048E+02  1.482E+01  1.948E+02
 -7.522E+01  1.074E+00  1.048E+02  1.478E+01  1.948E+02
 -7.525E+01  1.075E+00  1.047E+02  1.475E+01  1.947E+02
 -7.529E+01  1.076E+00  1.047E+02  1.471E+01  1.947E+02
 -7.533E+01  1.077E+00  1.047E+02  1.467E+01  1.947E+02
 -7.537E+01  1.079E+00  1.046E+02  1.463E+01  1.946E+02
 -7.540E+01  1.080E+00  1.046E+02  1.460E+01  1.946E+02
 -7.544E+01  1.081E+00  1.046E+02  1.456E+01  1.946E+02
 -7.548E+01  1.082E+00  1.045E+02  1.452E+01  1.945E+02
 -7.552E+01  1.084E+00  1.045E+02  1.448E+01  1.945E+02
 -7.556E+01  1.085E+00  1.044E+02  1.444E+01  1.944E+02
 -7.559E+01  1.086E+00  1.044E+02  1.441E+01  1.944E+02
 -7.563E+01  1.087E+00  1.044E+02  1.437E+01  1.944E+02
 -7.567E+01  1.089E+00  1.043E+02  1.433E+01  1.943E+02
 -7.571E+01  1.090E+00  1.043E+02  1.429E+01  1.943E+02
 -7.575E+01  1.091E+00  1.043E+02  1.425E+01  1.943E+02
 -7.579E+01  1.092E+00  1.042E+02  1.421E+01  1.942E+02
 -7.583E+01  1.093E+00  1.042E+02  1.417E+01  1.942E+02
 -7.587E+01  1.095E+00  1.041E+02  1.413E+01  1.941E+02
 -7.591E+01  1.096E+00  1.041E+02  1.409E+01  1.941E+02
 -7.595E+01  1.097E+00  1.041E+02  1.405E+01  1.941E+02
 -7.599E+01  1.098E+00  1.040E+02  1.401E+01  1.940E+02
 -7.603E+01  1.100E+00  1.040E+02  1.397E+01  1.940E+02
 -7.607E+01  1.101E+00  1.039E+02  1.393E+01  1.939E+02
 -7.611E+01  1.102E+00  1.039E+02  1.389E+01  1.939E+02
 -7.615E+01  1.103E+00  1.039E+02  1.385E+01  1.939E+02
 -7.619E+01  1.104E+00  1.038E+02  1.381E+01  1.938E+02
 -7.623E+01  1.106E+00  1.038E+02  1.377E+01  1.938E+02
 -7.627E+01  1.107E+00  1.037E+02  1.373E+01  1.937E+02
 -7.631E+01  1.108E+00  1.037E+02  1.369E+01  1.937E+02
 -7.636E+01  1.109E+00  1.036E+02  1.364E+01  1.936E+02
 -7.640E+01  1.111E+00  1.036E+02  1.360E+01  1.936E+02
 -7.644E+01  1.112E+00  1.036E+02  1.356E+01  1.936E+02
 -7.648E+01  1.113E+00  1.035E+02  1.352E+01  1.935E+02
 -7.652E+01  1.114E+00  1.035E+02  1.348E+01  1.935E+02
 -7.656E+01  1.116E+00  1.034E+02  1.344E+01  1.934E+02
 -7.660E+01  1.117E+00  1.034E+02  1.340E+01  1.934E+02
 -7.664E+01  1.118E+00  1.034E+02  1.336E+01  1.934E+02
 -7.667E+01  1.119E+00  1.033E+02  1.333E+01  1.933E+02
 -7.670E+01  1.120E+00  1.033E+02  1.330E+01  1.933E+02
 -7.672E+01  1.122E+00  1.033E+02  1.328E+01  1.933E+02
 -7.673E+01  1.123E+00  1.033E+02  1.327E+01  1.933E+02
