 -1.410E+01  1.844E-03  1.659E+02  7.590E+01  2.559E+02
 -1.442E+01  3.073E-03  1.656E+02  7.558E+01  2.556E+02
 -1.449E+01  4.302E-03  1.655E+02  7.551E+01  2.555E+02
 -1.453E+01  5.532E-03  1.655E+02  7.547E+01  2.555E+02
 -1.455E+01  6.761E-03  1.655E+02  7.545E+01  2.555E+02
 -1.456E+01  7.990E-03  1.654E+02  7.544E+01  2.554E+02
 -1.457E+01  9.219E-03  1.654E+02  7.543E+01  2.554E+02
 -1.458E+01  1.045E-02  1.654E+02  7.542E+01  2.554E+02
 -1.459E+01  1.168E-02  1.654E+02  7.541E+01  2.554E+02
 -1.460E+01  1.291E-02  1.654E+02  7.540E+01  2.554E+02
 -1.460E+01  1.414E-02  1.654E+02  7.540E+01  2.554E+02
 -1.460E+01  1.537E-02  1.654E+02  7.540E+01  2.554E+02
 -1.461E+01  1.659E-02  1.654E+02  7.539E+01  2.554E+02
 -1.461E+01  1.782E-02  1.654E+02  7.539E+01  2.554E+02
 -1.461E+01  1.905E-02  1.654E+02  7.539E+01  2.554E+02
 -1.462E+01  2.028E-02  1.654E+02  7.538E+01  2.554E+02
 -1.462E+01  2.151E-02  1.654E+02  7.538E+01  2.554E+02
 -1.462E+01  2.274E-02  1.654E+02  7.538E+01  2.554E+02
 -1.462E+01  2.397E-02  1.654E+02  7.538E+01  2.554E+02
 -1.463E+01  2.520E-02  1.654E+02  7.537E+01  2.554E+02
 -1.463E+01  2.643E-02  1.654E+02  7.537E+01  2.554E+02
 -1.463E+01  2.766E-02  1.654E+02  7.537E+01  2.554E+02
 -1.463E+01  2.889E-02  1.654E+02  7.537E+01  2.554E+02
 -1.463E+01  3.012E-02  1.654E+02  7.537E+01  2.554E+02
 -1.464E+01  3.135E-02  1.654E+02  7.536E+01  2.554E+02
 -1.464E+01  3.258E-02  1.654E+02  7.536E+01  2.554E+02
 -1.464E+01  3.380E-02  1.654E+02  7.536E+01  2.554E+02
 -1.464E+01  3.503E-02  1.654E+02  7.536E+01  2.554E+02
 -1.464E+01  3.626E-02  1.654E+02  7.536E+01  2.554E+02
 -1.464E+01  3.749E-02  1.654E+02  7.536E+01  2.554E+02
 -1.465E+01  3.872E-02  1.654E+02  7.535E+01  2.554E+02
 -1.465E+01  3.995E-02  1.654E+02  7.535E+01  2.554E+02
 -1.465E+01  4.118E-02  1.654E+02  7.535E+01  2.554E+02
 -1.465E+01  4.241E-02  1.654E+02  7.535E+01  2.554E+02
 -1.465E+01  4.364E-02  1.653E+02  7.535E+01  2.553E+02
 -1.465E+01  4.487E-02  1.653E+02  7.535E+01  2.553E+02
 -1.465E+01  4.610E-02  1.653E+02  7.535E+01  2.553E+02
 -1.466E+01  4.733E-02  1.653E+02  7.534E+01  2.553E+02
 -1.466E+01  4.856E-02  1.653E+02  7.534E+01  2.553E+02
 -1.466E+01  4.978E-02  1.653E+02  7.534E+01  2.553E+02
 -1.466E+01  5.101E-02  1.653E+02  7.534E+01  2.553E+02
 -1.466E+01  5.224E-02  1.653E+02  7.534E+01  2.553E+02
 -1.466E+01  5.347E-02  1.653E+02  7.534E+01  2.553E+02
 -1.467E+01  5.470E-02  1.653E+02  7.533E+01  2.553E+02
 -1.467E+01  5.593E-02  1.653E+02  7.533E+01  2.553E+02
 -1.467E+01  5.716E-02  1.653E+02  7.533E+01  2.553E+02
 -1.467E+01  5.839E-02  1.653E+02  7.533E+01  2.553E+02
 -1.467E+01  5.962E-02  1.653E+02  7.533E+01  2.553E+02
 -1.467E+01  6.085E-02  1.653E+02  7.533E+01  2.553E+02
 -1.468E+01  6.208E-02  1.653E+02  7.532E+01  2.553E+02
 -1.468E+01  6.331E-02  1.653E+02  7.532E+01  2.553E+02
 -1.468E+01  6.454E-02  1.653E+02  7.532E+01  2.553E+02
 -1.468E+01  6.577E-02  1.653E+02  7.532E+01  2.553E+02
 -1.468E+01  6.699E-02  1.653E+02  7.532E+01  2.553E+02
 -1.469E+01  6.822E-02  1.653E+02  7.531E+01  2.553E+02
 -1.469E+01  6.945E-02  1.653E+02  7.531E+01  2.553E+02
 -1.469E+01  7.068E-02  1.653E+02  7.531E+01  2.553E+02
 -1.469E+01  7.191E-02  1.653E+02  7.531E+01  2.553E+02
 -1.469E+01  7.314E-02  1.653E+02  7.531E+01  2.553E+02
 -1.470E+01  7.437E-02  1.653E+02  7.530E+01  2.553E+02
 -1.470E+01  7.560E-02  1.653E+02  7.530E+01  2.553E+02
 -1.470E+01  7.683E-02  1.653E+02  7.530E+01  2.553E+02
 -1.470E+01  7.806E-02  1.653E+02  7.530E+01  2.553E+02
 -1.470E+01  7.929E-02  1.653E+02  7.530E+01  2.553E+02
 -1.471E+01  8.052E-02  1.653E+02  7.529E+01  2.553E+02
 -1.471E+01  8.175E-02  1.653E+02  7.529E+01  2.553E+02
 -1.471E+01  8.297E-02  1.653E+02  7.529E+01  2.553E+02
 -1.471E+01  8.420E-02  1.653E+02  7.529E+01  2.553E+02
 -1.472E+01  8.543E-02  1.653E+02  7.528E+01  2.553E+02
 -1.472E+01  8.666E-02  1.653E+02  7.528E+01  2.553E+02
 -1.472E+01  8.789E-02  1.653E+02  7.528E+01  2.553E+02
 -1.472E+01  8.912E-02  1.653E+02  7.528E+01  2.553E+02
 -1.473E+01  9.035E-02  1.653E+02  7.527E+01  2.553E+02
 -1.473E+01  9.158E-02  1.653E+02  7.527E+01  2.553E+02
 -1.473E+01  9.281E-02  1.653E+02  7.527E+01  2.553E+02
 -1.473E+01  9.404E-02  1.653E+02  7.527E+01  2.553E+02
 -1.474E+01  9.527E-02  1.653E+02  7.526E+01  2.553E+02
 -1.474E+01  9.650E-02  1.653E+02  7.526E+01  2.553E+02
 -1.474E+01  9.773E-02  1.653E+02  7.526E+01  2.553E+02
 -1.474E+01  9.896E-02  1.653E+02  7.526E+01  2.553E+02
 -1.475E+01  1.002E-01  1.653E+02  7.525E+01  2.553E+02
 -1.475E+01  1.014E-01  1.653E+02  7.525E+01  2.553E+02
 -1.475E+01  1.026E-01  1.652E+02  7.525E+01  2.552E+02
 -1.475E+01  1.039E-01  1.652E+02  7.525E+01  2.552E+02
 -1.476E+01  1.051E-01  1.652E+02  7.524E+01  2.552E+02
 -1.476E+01  1.063E-01  1.652E+02  7.524E+01  2.552E+02
 -1.476E+01  1.076E-01  1.652E+02  7.524E+01  2.552E+02
 -1.477E+01  1.088E-01  1.652E+02  7.523E+01  2.552E+02
 -1.477E+01  1.100E-01  1.652E+02  7.523E+01  2.552E+02
 -1.477E+01  1.112E-01  1.652E+02  7.523E+01  2.552E+02
 -1.478E+01  1.125E-01  1.652E+02  7.522E+01  2.552E+02
 -1.478E+01  1.137E-01  1.652E+02  7.522E+01  2.552E+02
 -1.478E+01  1.149E-01  1.652E+02  7.522E+01  2.552E+02
 -1.479E+01  1.162E-01  1.652E+02  7.521E+01  2.552E+02
 -1.479E+01  1.174E-01  1.652E+02  7.521E+01  2.552E+02
 -1.479E+01  1.186E-01  1.652E+02  7.521E+01  2.552E+02
 -1.480E+01  1.199E-01  1.652E+02  7.520E+01  2.552E+02
 -1.480E+01  1.211E-01  1.652E+02  7.520E+01  2.552E+02
 -1.480E+01  1.223E-01  1.652E+02  7.520E+01  2.552E+02
 -1.481E+01  1.235E-01  1.652E+02  7.519E+01  2.552E+02
 -1.481E+01  1.248E-01  1.652E+02  7.519E+01  2.552E+02
 -1.481E+01  1.260E-01  1.652E+02  7.519E+01  2.552E+02
 -1.482E+01  1.272E-01  1.652E+02  7.518E+01  2.552E+02
 -1.482E+01  1.285E-01  1.652E+02  7.518E+01  2.552E+02
 -1.482E+01  1.297E-01  1.652E+02  7.518E+01  2.552E+02
 -1.483E+01  1.309E-01  1.652E+02  7.517E+01  2.552E+02
 -1.483E+01  1.321E-01  1.652E+02  7.517E+01  2.552E+02
 -1.483E+01  1.334E-01  1.652E+02  7.517E+01  2.552E+02
 -1.484E+01  1.346E-01  1.652E+02  7.516E+01  2.552E+02
 -1.484E+01  1.358E-01  1.652E+02  7.516E+01  2.552E+02
 -1.485E+01  1.371E-01  1.652E+02  7.515E+01  2.552E+02
 -1.485E+01  1.383E-01  1.651E+02  7.515E+01  2.551E+02
 -1.485E+01  1.395E-01  1.651E+02  7.515E+01  2.551E+02
 -1.486E+01  1.407E-01  1.651E+02  7.514E+01  2.551E+02
 -1.486E+01  1.420E-01  1.651E+02  7.514E+01  2.551E+02
 -1.487E+01  1.432E-01  1.651E+02  7.513E+01  2.551E+02
 -1.487E+01  1.444E-01  1.651E+02  7.513E+01  2.551E+02
 -1.488E+01  1.457E-01  1.651E+02  7.512E+01  2.551E+02
 -1.488E+01  1.469E-01  1.651E+02  7.512E+01  2.551E+02
 -1.488E+01  1.481E-01  1.651E+02  7.512E+01  2.551E+02
 -1.489E+01  1.494E-01  1.651E+02  7.511E+01  2.551E+02
 -1.489E+01  1.506E-01  1.651E+02  7.511E+01  2.551E+02
 -1.490E+01  1.518E-01  1.651E+02  7.510E+01  2.551E+02
 -1.490E+01  1.530E-01  1.651E+02  7.510E+01  2.551E+02
 -1.491E+01  1.543E-01  1.651E+02  7.509E+01  2.551E+02
 -1.491E+01  1.555E-01  1.651E+02  7.509E+01  2.551E+02
 -1.492E+01  1.567E-01  1.651E+02  7.508E+01  2.551E+02
 -1.492E+01  1.580E-01  1.651E+02  7.508E+01  2.551E+02
 -1.493E+01  1.592E-01  1.651E+02  7.507E+01  2.551E+02
 -1.493E+01  1.604E-01  1.651E+02  7.507E+01  2.551E+02
 -1.494E+01  1.616E-01  1.651E+02  7.506E+01  2.551E+02
 -1.494E+01  1.629E-01  1.651E+02  7.506E+01  2.551E+02
 -1.495E+01  1.641E-01  1.651E+02  7.505E+01  2.551E+02
 -1.495E+01  1.653E-01  1.650E+02  7.505E+01  2.550E+02
 -1.496E+01  1.666E-01  1.650E+02  7.504E+01  2.550E+02
 -1.496E+01  1.678E-01  1.650E+02  7.504E+01  2.550E+02
 -1.497E+01  1.690E-01  1.650E+02  7.503E+01  2.550E+02
 -1.497E+01  1.703E-01  1.650E+02  7.503E+01  2.550E+02
 -1.498E+01  1.715E-01  1.650E+02  7.502E+01  2.550E+02
 -1.498E+01  1.727E-01  1.650E+02  7.502E+01  2.550E+02
 -1.499E+01  1.739E-01  1.650E+02  7.501E+01  2.550E+02
 -1.499E+01  1.752E-01  1.650E+02  7.501E+01  2.550E+02
 -1.500E+01  1.764E-01  1.650E+02  7.500E+01  2.550E+02
 -1.500E+01  1.776E-01  1.650E+02  7.500E+01  2.550E+02
 -1.501E+01  1.789E-01  1.650E+02  7.499E+01  2.550E+02
 -1.502E+01  1.801E-01  1.650E+02  7.498E+01  2.550E+02
 -1.502E+01  1.813E-01  1.650E+02  7.498E+01  2.550E+02
 -1.503E+01  1.825E-01  1.650E+02  7.497E+01  2.550E+02
 -1.503E+01  1.838E-01  1.650E+02  7.497E+01  2.550E+02
 -1.504E+01  1.850E-01  1.650E+02  7.496E+01  2.550E+02
 -1.505E+01  1.862E-01  1.650E+02  7.495E+01  2.550E+02
 -1.505E+01  1.875E-01  1.649E+02  7.495E+01  2.549E+02
 -1.506E+01  1.887E-01  1.649E+02  7.494E+01  2.549E+02
 -1.506E+01  1.899E-01  1.649E+02  7.494E+01  2.549E+02
 -1.507E+01  1.911E-01  1.649E+02  7.493E+01  2.549E+02
 -1.508E+01  1.924E-01  1.649E+02  7.492E+01  2.549E+02
 -1.508E+01  1.936E-01  1.649E+02  7.492E+01  2.549E+02
 -1.509E+01  1.948E-01  1.649E+02  7.491E+01  2.549E+02
 -1.510E+01  1.961E-01  1.649E+02  7.490E+01  2.549E+02
 -1.510E+01  1.973E-01  1.649E+02  7.490E+01  2.549E+02
 -1.511E+01  1.985E-01  1.649E+02  7.489E+01  2.549E+02
 -1.512E+01  1.998E-01  1.649E+02  7.488E+01  2.549E+02
 -1.512E+01  2.010E-01  1.649E+02  7.488E+01  2.549E+02
 -1.513E+01  2.022E-01  1.649E+02  7.487E+01  2.549E+02
 -1.514E+01  2.034E-01  1.649E+02  7.486E+01  2.549E+02
 -1.514E+01  2.047E-01  1.649E+02  7.486E+01  2.549E+02
 -1.515E+01  2.059E-01  1.648E+02  7.485E+01  2.548E+02
 -1.516E+01  2.071E-01  1.648E+02  7.484E+01  2.548E+02
 -1.517E+01  2.084E-01  1.648E+02  7.483E+01  2.548E+02
 -1.517E+01  2.096E-01  1.648E+02  7.483E+01  2.548E+02
 -1.518E+01  2.108E-01  1.648E+02  7.482E+01  2.548E+02
 -1.519E+01  2.120E-01  1.648E+02  7.481E+01  2.548E+02
 -1.519E+01  2.133E-01  1.648E+02  7.481E+01  2.548E+02
 -1.520E+01  2.145E-01  1.648E+02  7.480E+01  2.548E+02
 -1.521E+01  2.157E-01  1.648E+02  7.479E+01  2.548E+02
 -1.522E+01  2.170E-01  1.648E+02  7.478E+01  2.548E+02
 -1.523E+01  2.182E-01  1.648E+02  7.477E+01  2.548E+02
 -1.523E+01  2.194E-01  1.648E+02  7.477E+01  2.548E+02
 -1.524E+01  2.207E-01  1.648E+02  7.476E+01  2.548E+02
 -1.525E+01  2.219E-01  1.648E+02  7.475E+01  2.548E+02
 -1.526E+01  2.231E-01  1.647E+02  7.474E+01  2.547E+02
 -1.527E+01  2.243E-01  1.647E+02  7.473E+01  2.547E+02
 -1.527E+01  2.256E-01  1.647E+02  7.473E+01  2.547E+02
 -1.528E+01  2.268E-01  1.647E+02  7.472E+01  2.547E+02
 -1.529E+01  2.280E-01  1.647E+02  7.471E+01  2.547E+02
 -1.530E+01  2.293E-01  1.647E+02  7.470E+01  2.547E+02
 -1.531E+01  2.305E-01  1.647E+02  7.469E+01  2.547E+02
 -1.532E+01  2.317E-01  1.647E+02  7.468E+01  2.547E+02
 -1.532E+01  2.329E-01  1.647E+02  7.468E+01  2.547E+02
 -1.533E+01  2.342E-01  1.647E+02  7.467E+01  2.547E+02
 -1.534E+01  2.354E-01  1.647E+02  7.466E+01  2.547E+02
 -1.535E+01  2.366E-01  1.646E+02  7.465E+01  2.546E+02
 -1.536E+01  2.379E-01  1.646E+02  7.464E+01  2.546E+02
 -1.537E+01  2.391E-01  1.646E+02  7.463E+01  2.546E+02
 -1.538E+01  2.403E-01  1.646E+02  7.462E+01  2.546E+02
 -1.539E+01  2.415E-01  1.646E+02  7.461E+01  2.546E+02
 -1.540E+01  2.428E-01  1.646E+02  7.460E+01  2.546E+02
 -1.541E+01  2.440E-01  1.646E+02  7.459E+01  2.546E+02
 -1.542E+01  2.452E-01  1.646E+02  7.458E+01  2.546E+02
 -1.543E+01  2.465E-01  1.646E+02  7.457E+01  2.546E+02
 -1.544E+01  2.477E-01  1.646E+02  7.456E+01  2.546E+02
 -1.544E+01  2.489E-01  1.646E+02  7.456E+01  2.546E+02
 -1.545E+01  2.502E-01  1.645E+02  7.455E+01  2.545E+02
 -1.546E+01  2.514E-01  1.645E+02  7.454E+01  2.545E+02
 -1.547E+01  2.526E-01  1.645E+02  7.453E+01  2.545E+02
 -1.548E+01  2.538E-01  1.645E+02  7.452E+01  2.545E+02
 -1.549E+01  2.551E-01  1.645E+02  7.451E+01  2.545E+02
 -1.550E+01  2.563E-01  1.645E+02  7.450E+01  2.545E+02
 -1.552E+01  2.575E-01  1.645E+02  7.448E+01  2.545E+02
 -1.553E+01  2.588E-01  1.645E+02  7.447E+01  2.545E+02
 -1.554E+01  2.600E-01  1.645E+02  7.446E+01  2.545E+02
 -1.555E+01  2.612E-01  1.645E+02  7.445E+01  2.545E+02
 -1.556E+01  2.624E-01  1.644E+02  7.444E+01  2.544E+02
 -1.557E+01  2.637E-01  1.644E+02  7.443E+01  2.544E+02
 -1.558E+01  2.649E-01  1.644E+02  7.442E+01  2.544E+02
 -1.559E+01  2.661E-01  1.644E+02  7.441E+01  2.544E+02
 -1.560E+01  2.674E-01  1.644E+02  7.440E+01  2.544E+02
 -1.561E+01  2.686E-01  1.644E+02  7.439E+01  2.544E+02
 -1.562E+01  2.698E-01  1.644E+02  7.438E+01  2.544E+02
 -1.563E+01  2.711E-01  1.644E+02  7.437E+01  2.544E+02
 -1.564E+01  2.723E-01  1.644E+02  7.436E+01  2.544E+02
 -1.566E+01  2.735E-01  1.643E+02  7.434E+01  2.543E+02
 -1.567E+01  2.747E-01  1.643E+02  7.433E+01  2.543E+02
 -1.568E+01  2.760E-01  1.643E+02  7.432E+01  2.543E+02
 -1.569E+01  2.772E-01  1.643E+02  7.431E+01  2.543E+02
 -1.570E+01  2.784E-01  1.643E+02  7.430E+01  2.543E+02
 -1.571E+01  2.797E-01  1.643E+02  7.429E+01  2.543E+02
 -1.573E+01  2.809E-01  1.643E+02  7.427E+01  2.543E+02
 -1.574E+01  2.821E-01  1.643E+02  7.426E+01  2.543E+02
 -1.575E+01  2.833E-01  1.643E+02  7.425E+01  2.543E+02
 -1.576E+01  2.846E-01  1.642E+02  7.424E+01  2.542E+02
 -1.577E+01  2.858E-01  1.642E+02  7.423E+01  2.542E+02
 -1.579E+01  2.870E-01  1.642E+02  7.421E+01  2.542E+02
 -1.580E+01  2.883E-01  1.642E+02  7.420E+01  2.542E+02
 -1.581E+01  2.895E-01  1.642E+02  7.419E+01  2.542E+02
 -1.582E+01  2.907E-01  1.642E+02  7.418E+01  2.542E+02
 -1.583E+01  2.919E-01  1.642E+02  7.417E+01  2.542E+02
 -1.585E+01  2.932E-01  1.642E+02  7.415E+01  2.542E+02
 -1.586E+01  2.944E-01  1.641E+02  7.414E+01  2.541E+02
 -1.587E+01  2.956E-01  1.641E+02  7.413E+01  2.541E+02
 -1.588E+01  2.969E-01  1.641E+02  7.412E+01  2.541E+02
 -1.590E+01  2.981E-01  1.641E+02  7.410E+01  2.541E+02
 -1.591E+01  2.993E-01  1.641E+02  7.409E+01  2.541E+02
 -1.592E+01  3.006E-01  1.641E+02  7.408E+01  2.541E+02
 -1.593E+01  3.018E-01  1.641E+02  7.407E+01  2.541E+02
 -1.595E+01  3.030E-01  1.641E+02  7.405E+01  2.541E+02
 -1.596E+01  3.042E-01  1.640E+02  7.404E+01  2.540E+02
 -1.597E+01  3.055E-01  1.640E+02  7.403E+01  2.540E+02
 -1.598E+01  3.067E-01  1.640E+02  7.402E+01  2.540E+02
 -1.599E+01  3.079E-01  1.640E+02  7.401E+01  2.540E+02
 -1.601E+01  3.092E-01  1.640E+02  7.399E+01  2.540E+02
 -1.602E+01  3.104E-01  1.640E+02  7.398E+01  2.540E+02
 -1.603E+01  3.116E-01  1.640E+02  7.397E+01  2.540E+02
 -1.604E+01  3.128E-01  1.640E+02  7.396E+01  2.540E+02
 -1.605E+01  3.141E-01  1.640E+02  7.395E+01  2.540E+02
 -1.605E+01  3.153E-01  1.639E+02  7.395E+01  2.539E+02
 -1.606E+01  3.165E-01  1.639E+02  7.394E+01  2.539E+02
 -1.605E+01  3.178E-01  1.639E+02  7.395E+01  2.539E+02
 -1.281E+01  8.844E-01  1.672E+02  7.719E+01  2.572E+02
 -1.288E+01  8.857E-01  1.671E+02  7.712E+01  2.571E+02
 -1.294E+01  8.869E-01  1.671E+02  7.706E+01  2.571E+02
 -1.300E+01  8.881E-01  1.670E+02  7.700E+01  2.570E+02
 -1.305E+01  8.894E-01  1.669E+02  7.695E+01  2.569E+02
 -1.311E+01  8.906E-01  1.669E+02  7.689E+01  2.569E+02
 -1.316E+01  8.918E-01  1.668E+02  7.684E+01  2.568E+02
 -1.321E+01  8.931E-01  1.668E+02  7.679E+01  2.568E+02
 -1.327E+01  8.943E-01  1.667E+02  7.673E+01  2.567E+02
 -1.332E+01  8.955E-01  1.667E+02  7.668E+01  2.567E+02
 -1.337E+01  8.967E-01  1.666E+02  7.663E+01  2.566E+02
 -1.341E+01  8.980E-01  1.666E+02  7.659E+01  2.566E+02
 -1.346E+01  8.992E-01  1.665E+02  7.654E+01  2.565E+02
 -1.351E+01  9.004E-01  1.665E+02  7.649E+01  2.565E+02
 -1.355E+01  9.017E-01  1.664E+02  7.645E+01  2.564E+02
 -1.360E+01  9.029E-01  1.664E+02  7.640E+01  2.564E+02
 -1.365E+01  9.041E-01  1.664E+02  7.635E+01  2.564E+02
 -1.369E+01  9.053E-01  1.663E+02  7.631E+01  2.563E+02
 -1.373E+01  9.066E-01  1.663E+02  7.627E+01  2.563E+02
 -1.378E+01  9.078E-01  1.662E+02  7.622E+01  2.562E+02
 -1.382E+01  9.090E-01  1.662E+02  7.618E+01  2.562E+02
 -1.387E+01  9.103E-01  1.661E+02  7.613E+01  2.561E+02
 -1.391E+01  9.115E-01  1.661E+02  7.609E+01  2.561E+02
 -1.395E+01  9.127E-01  1.660E+02  7.605E+01  2.560E+02
 -1.399E+01  9.140E-01  1.660E+02  7.601E+01  2.560E+02
 -1.403E+01  9.152E-01  1.660E+02  7.597E+01  2.560E+02
 -1.408E+01  9.164E-01  1.659E+02  7.592E+01  2.559E+02
 -1.412E+01  9.176E-01  1.659E+02  7.588E+01  2.559E+02
 -1.416E+01  9.189E-01  1.658E+02  7.584E+01  2.558E+02
 -1.420E+01  9.201E-01  1.658E+02  7.580E+01  2.558E+02
 -1.424E+01  9.213E-01  1.658E+02  7.576E+01  2.558E+02
 -1.429E+01  9.226E-01  1.657E+02  7.571E+01  2.557E+02
 -1.433E+01  9.238E-01  1.657E+02  7.567E+01  2.557E+02
 -1.437E+01  9.250E-01  1.656E+02  7.563E+01  2.556E+02
 -1.441E+01  9.262E-01  1.656E+02  7.559E+01  2.556E+02
 -1.445E+01  9.275E-01  1.655E+02  7.555E+01  2.555E+02
 -1.449E+01  9.287E-01  1.655E+02  7.551E+01  2.555E+02
 -1.454E+01  9.299E-01  1.655E+02  7.546E+01  2.555E+02
 -1.458E+01  9.312E-01  1.654E+02  7.542E+01  2.554E+02
 -1.462E+01  9.324E-01  1.654E+02  7.538E+01  2.554E+02
 -1.467E+01  9.336E-01  1.653E+02  7.533E+01  2.553E+02
 -1.471E+01  9.348E-01  1.653E+02  7.529E+01  2.553E+02
 -1.475E+01  9.361E-01  1.652E+02  7.525E+01  2.552E+02
 -1.480E+01  9.373E-01  1.652E+02  7.520E+01  2.552E+02
 -1.484E+01  9.385E-01  1.652E+02  7.516E+01  2.552E+02
 -1.489E+01  9.398E-01  1.651E+02  7.511E+01  2.551E+02
 -1.494E+01  9.410E-01  1.651E+02  7.506E+01  2.551E+02
 -1.498E+01  9.422E-01  1.650E+02  7.502E+01  2.550E+02
 -1.503E+01  9.435E-01  1.650E+02  7.497E+01  2.550E+02
 -1.508E+01  9.447E-01  1.649E+02  7.492E+01  2.549E+02
 -1.513E+01  9.459E-01  1.649E+02  7.487E+01  2.549E+02
 -1.518E+01  9.471E-01  1.648E+02  7.482E+01  2.548E+02
 -1.523E+01  9.484E-01  1.648E+02  7.477E+01  2.548E+02
 -1.528E+01  9.496E-01  1.647E+02  7.472E+01  2.547E+02
 -1.534E+01  9.508E-01  1.647E+02  7.466E+01  2.547E+02
 -1.539E+01  9.521E-01  1.646E+02  7.461E+01  2.546E+02
 -1.545E+01  9.533E-01  1.646E+02  7.455E+01  2.546E+02
 -1.551E+01  9.545E-01  1.645E+02  7.449E+01  2.545E+02
 -1.557E+01  9.557E-01  1.644E+02  7.443E+01  2.544E+02
 -1.563E+01  9.570E-01  1.644E+02  7.437E+01  2.544E+02
 -1.569E+01  9.582E-01  1.643E+02  7.431E+01  2.543E+02
 -1.576E+01  9.594E-01  1.642E+02  7.424E+01  2.542E+02
 -1.582E+01  9.607E-01  1.642E+02  7.418E+01  2.542E+02
 -1.589E+01  9.619E-01  1.641E+02  7.411E+01  2.541E+02
 -1.597E+01  9.631E-01  1.640E+02  7.403E+01  2.540E+02
 -1.604E+01  9.644E-01  1.640E+02  7.396E+01  2.540E+02
 -1.612E+01  9.656E-01  1.639E+02  7.388E+01  2.539E+02
 -1.620E+01  9.668E-01  1.638E+02  7.380E+01  2.538E+02
 -1.629E+01  9.680E-01  1.637E+02  7.371E+01  2.537E+02
 -1.638E+01  9.693E-01  1.636E+02  7.362E+01  2.536E+02
 -1.647E+01  9.705E-01  1.635E+02  7.353E+01  2.535E+02
 -1.657E+01  9.717E-01  1.634E+02  7.343E+01  2.534E+02
 -1.668E+01  9.730E-01  1.633E+02  7.332E+01  2.533E+02
 -1.679E+01  9.742E-01  1.632E+02  7.321E+01  2.532E+02
 -1.691E+01  9.754E-01  1.631E+02  7.309E+01  2.531E+02
 -1.703E+01  9.766E-01  1.630E+02  7.297E+01  2.530E+02
 -1.717E+01  9.779E-01  1.628E+02  7.283E+01  2.528E+02
 -1.731E+01  9.791E-01  1.627E+02  7.269E+01  2.527E+02
 -1.746E+01  9.803E-01  1.625E+02  7.254E+01  2.525E+02
 -1.762E+01  9.816E-01  1.624E+02  7.238E+01  2.524E+02
 -1.780E+01  9.828E-01  1.622E+02  7.220E+01  2.522E+02
 -1.799E+01  9.840E-01  1.620E+02  7.201E+01  2.520E+02
 -1.820E+01  9.852E-01  1.618E+02  7.180E+01  2.518E+02
 -1.843E+01  9.865E-01  1.616E+02  7.157E+01  2.516E+02
 -1.869E+01  9.877E-01  1.613E+02  7.131E+01  2.513E+02
 -1.897E+01  9.889E-01  1.610E+02  7.103E+01  2.510E+02
 -1.928E+01  9.902E-01  1.607E+02  7.072E+01  2.507E+02
 -1.963E+01  9.914E-01  1.604E+02  7.037E+01  2.504E+02
 -2.002E+01  9.926E-01  1.600E+02  6.998E+01  2.500E+02
 -2.047E+01  9.939E-01  1.595E+02  6.953E+01  2.495E+02
 -2.098E+01  9.951E-01  1.590E+02  6.902E+01  2.490E+02
 -2.158E+01  9.963E-01  1.584E+02  6.842E+01  2.484E+02
 -2.227E+01  9.975E-01  1.577E+02  6.773E+01  2.477E+02
 -2.310E+01  9.988E-01  1.569E+02  6.690E+01  2.469E+02
 -2.410E+01  1.000E+00  1.559E+02  6.590E+01  2.459E+02
 -2.531E+01  1.001E+00  1.547E+02  6.469E+01  2.447E+02
 -2.680E+01  1.002E+00  1.532E+02  6.320E+01  2.432E+02
 -2.867E+01  1.004E+00  1.513E+02  6.133E+01  2.413E+02
 -3.102E+01  1.005E+00  1.490E+02  5.898E+01  2.390E+02
 -3.397E+01  1.006E+00  1.460E+02  5.603E+01  2.360E+02
 -3.757E+01  1.007E+00  1.424E+02  5.243E+01  2.324E+02
 -4.175E+01  1.009E+00  1.382E+02  4.825E+01  2.282E+02
 -4.619E+01  1.010E+00  1.338E+02  4.381E+01  2.238E+02
 -5.045E+01  1.011E+00  1.296E+02  3.955E+01  2.196E+02
 -5.417E+01  1.012E+00  1.258E+02  3.583E+01  2.158E+02
 -5.724E+01  1.014E+00  1.228E+02  3.276E+01  2.128E+02
 -5.969E+01  1.015E+00  1.203E+02  3.031E+01  2.103E+02
 -6.164E+01  1.016E+00  1.184E+02  2.836E+01  2.084E+02
 -6.320E+01  1.017E+00  1.168E+02  2.680E+01  2.068E+02
 -6.445E+01  1.018E+00  1.155E+02  2.555E+01  2.055E+02
 -6.548E+01  1.020E+00  1.145E+02  2.452E+01  2.045E+02
 -6.634E+01  1.021E+00  1.137E+02  2.366E+01  2.037E+02
 -6.706E+01  1.022E+00  1.129E+02  2.294E+01  2.029E+02
 -6.767E+01  1.023E+00  1.123E+02  2.233E+01  2.023E+02
 -6.820E+01  1.025E+00  1.118E+02  2.180E+01  2.018E+02
 -6.866E+01  1.026E+00  1.113E+02  2.134E+01  2.013E+02
 -6.906E+01  1.027E+00  1.109E+02  2.094E+01  2.009E+02
 -6.942E+01  1.028E+00  1.106E+02  2.058E+01  2.006E+02
 -6.973E+01  1.030E+00  1.103E+02  2.027E+01  2.003E+02
 -7.002E+01  1.031E+00  1.100E+02  1.998E+01  2.000E+02
 -7.028E+01  1.032E+00  1.097E+02  1.972E+01  1.997E+02
 -7.051E+01  1.033E+00  1.095E+02  1.949E+01  1.995E+02
 -7.072E+01  1.034E+00  1.093E+02  1.928E+01  1.993E+02
 -7.092E+01  1.036E+00  1.091E+02  1.908E+01  1.991E+02
 -7.110E+01  1.037E+00  1.089E+02  1.890E+01  1.989E+02
 -7.126E+01  1.038E+00  1.087E+02  1.874E+01  1.987E+02
 -7.142E+01  1.039E+00  1.086E+02  1.858E+01  1.986E+02
 -7.156E+01  1.041E+00  1.084E+02  1.844E+01  1.984E+02
 -7.170E+01  1.042E+00  1.083E+02  1.830E+01  1.983E+02
 -7.183E+01  1.043E+00  1.082E+02  1.817E+01  1.982E+02
 -7.194E+01  1.044E+00  1.081E+02  1.806E+01  1.981E+02
 -7.206E+01  1.045E+00  1.079E+02  1.794E+01  1.979E+02
 -7.216E+01  1.047E+00  1.078E+02  1.784E+01  1.978E+02
 -7.226E+01  1.048E+00  1.077E+02  1.774E+01  1.977E+02
 -7.236E+01  1.049E+00  1.076E+02  1.764E+01  1.976E+02
 -7.245E+01  1.050E+00  1.076E+02  1.755E+01  1.976E+02
 -7.254E+01  1.052E+00  1.075E+02  1.746E+01  1.975E+02
 -7.262E+01  1.053E+00  1.074E+02  1.738E+01  1.974E+02
 -7.270E+01  1.054E+00  1.073E+02  1.730E+01  1.973E+02
 -7.278E+01  1.055E+00  1.072E+02  1.722E+01  1.972E+02
 -7.285E+01  1.057E+00  1.072E+02  1.715E+01  1.972E+02
 -7.292E+01  1.058E+00  1.071E+02  1.708E+01  1.971E+02
 -7.299E+01  1.059E+00  1.070E+02  1.701E+01  1.970E+02
 -7.305E+01  1.060E+00  1.069E+02  1.695E+01  1.969E+02
 -7.312E+01  1.061E+00  1.069E+02  1.688E+01  1.969E+02
 -7.318E+01  1.063E+00  1.068E+02  1.682E+01  1.968E+02
 -7.324E+01  1.064E+00  1.068E+02  1.676E+01  1.968E+02
 -7.330E+01  1.065E+00  1.067E+02  1.670E+01  1.967E+02
 -7.336E+01  1.066E+00  1.066E+02  1.664E+01  1.966E+02
 -7.341E+01  1.068E+00  1.066E+02  1.659E+01  1.966E+02
 -7.347E+01  1.069E+00  1.065E+02  1.653E+01  1.965E+02
 -7.352E+01  1.070E+00  1.065E+02  1.648E+01  1.965E+02
 -7.357E+01  1.071E+00  1.064E+02  1.643E+01  1.964E+02
 -7.362E+01  1.073E+00  1.064E+02  1.638E+01  1.964E+02
 -7.367E+01  1.074E+00  1.063E+02  1.633E+01  1.963E+02
 -7.372E+01  1.075E+00  1.063E+02  1.628E+01  1.963E+02
 -7.377E+01  1.076E+00  1.062E+02  1.623E+01  1.962E+02
 -7.382E+01  1.077E+00  1.062E+02  1.618E+01  1.962E+02
 -7.386E+01  1.079E+00  1.061E+02  1.614E+01  1.961E+02
 -7.391E+01  1.080E+00  1.061E+02  1.609E+01  1.961E+02
 -7.395E+01  1.081E+00  1.060E+02  1.605E+01  1.960E+02
 -7.400E+01  1.082E+00  1.060E+02  1.600E+01  1.960E+02
 -7.404E+01  1.084E+00  1.060E+02  1.596E+01  1.960E+02
 -7.408E+01  1.085E+00  1.059E+02  1.592E+01  1.959E+02
 -7.413E+01  1.086E+00  1.059E+02  1.587E+01  1.959E+02
 -7.417E+01  1.087E+00  1.058E+02  1.583E+01  1.958E+02
 -7.421E+01  1.089E+00  1.058E+02  1.579E+01  1.958E+02
 -7.425E+01  1.090E+00  1.057E+02  1.575E+01  1.957E+02
 -7.430E+01  1.091E+00  1.057E+02  1.570E+01  1.957E+02
 -7.434E+01  1.092E+00  1.057E+02  1.566E+01  1.957E+02
 -7.438E+01  1.093E+00  1.056E+02  1.562E+01  1.956E+02
 -7.442E+01  1.095E+00  1.056E+02  1.558E+01  1.956E+02
 -7.446E+01  1.096E+00  1.055E+02  1.554E+01  1.955E+02
 -7.450E+01  1.097E+00  1.055E+02  1.550E+01  1.955E+02
 -7.454E+01  1.098E+00  1.055E+02  1.546E+01  1.955E+02
 -7.458E+01  1.100E+00  1.054E+02  1.542E+01  1.954E+02
 -7.462E+01  1.101E+00  1.054E+02  1.538E+01  1.954E+02
 -7.466E+01  1.102E+00  1.053E+02  1.534E+01  1.953E+02
 -7.470E+01  1.103E+00  1.053E+02  1.530E+01  1.953E+02
 -7.474E+01  1.104E+00  1.053E+02  1.526E+01  1.953E+02
 -7.478E+01  1.106E+00  1.052E+02  1.522E+01  1.952E+02
 -7.482E+01  1.107E+00  1.052E+02  1.518E+01  1.952E+02
 -7.486E+01  1.108E+00  1.051E+02  1.514E+01  1.951E+02
 -7.490E+01  1.109E+00  1.051E+02  1.510E+01  1.951E+02
 -7.494E+01  1.111E+00  1.051E+02  1.506E+01  1.951E+02
 -7.498E+01  1.112E+00  1.050E+02  1.502E+01  1.950E+02
 -7.502E+01  1.113E+00  1.050E+02  1.498E+01  1.950E+02
 -7.506E+01  1.114E+00  1.049E+02  1.494E+01  1.949E+02
 -7.510E+01  1.116E+00  1.049E+02  1.490E+01  1.949E+02
 -7.515E+01  1.117E+00  1.049E+02  1.485E+01  1.949E+02
 -7.519E+01  1.118E+00  1.048E+02  1.481E+01  1.948E+02
 -7.523E+01  1.119E+00  1.048E+02  1.477E+01  1.948E+02
 -7.526E+01  1.120E+00  1.047E+02  1.474E+01  1.947E+02
 -7.530E+01  1.122E+00  1.047E+02  1.470E+01  1.947E+02
 -7.534E+01  1.123E+00  1.047E+02  1.466E+01  1.947E+02
