 -1.115E+01  1.844E-03  6.085E+01  1.329E+02  2.049E+02  2.769E+02
 -8.014E+00  3.073E-03  6.399E+01  1.360E+02  2.080E+02  2.800E+02
 -7.181E+00  4.302E-03  6.482E+01  1.368E+02  2.088E+02  2.808E+02
 -6.795E+00  5.532E-03  6.521E+01  1.372E+02  2.092E+02  2.812E+02
 -6.535E+00  6.761E-03  6.547E+01  1.375E+02  2.095E+02  2.815E+02
 -6.338E+00  7.990E-03  6.566E+01  1.377E+02  2.097E+02  2.817E+02
 -6.182E+00  9.219E-03  6.582E+01  1.378E+02  2.098E+02  2.818E+02
 -6.054E+00  1.045E-02  6.595E+01  1.379E+02  2.099E+02  2.819E+02
 -5.947E+00  1.168E-02  6.605E+01  1.381E+02  2.101E+02  2.821E+02
 -5.857E+00  1.291E-02  6.614E+01  1.381E+02  2.101E+02  2.821E+02
 -5.779E+00  1.414E-02  6.622E+01  1.382E+02  2.102E+02  2.822E+02
 -5.712E+00  1.537E-02  6.629E+01  1.383E+02  2.103E+02  2.823E+02
 -5.652E+00  1.659E-02  6.635E+01  1.383E+02  2.103E+02  2.823E+02
 -5.600E+00  1.782E-02  6.640E+01  1.384E+02  2.104E+02  2.824E+02
 -5.553E+00  1.905E-02  6.645E+01  1.384E+02  2.104E+02  2.824E+02
 -5.511E+00  2.028E-02  6.649E+01  1.385E+02  2.105E+02  2.825E+02
 -5.474E+00  2.151E-02  6.653E+01  1.385E+02  2.105E+02  2.825E+02
 -5.439E+00  2.274E-02  6.656E+01  1.386E+02  2.106E+02  2.826E+02
 -5.408E+00  2.397E-02  6.659E+01  1.386E+02  2.106E+02  2.826E+02
 -5.379E+00  2.520E-02  6.662E+01  1.386E+02  2.106E+02  2.826E+02
 -5.353E+00  2.643E-02  6.665E+01  1.386E+02  2.106E+02  2.826E+02
 -5.328E+00  2.766E-02  6.667E+01  1.387E+02  2.107E+02  2.827E+02
 -5.305E+00  2.889E-02  6.669E+01  1.387E+02  2.107E+02  2.827E+02
 -5.284E+00  3.012E-02  6.672E+01  1.387E+02  2.107E+02  2.827E+02
 -5.264E+00  3.135E-02  6.674E+01  1.387E+02  2.107E+02  2.827E+02
 -5.246E+00  3.258E-02  6.675E+01  1.388E+02  2.108E+02  2.828E+02
 -5.228E+00  3.380E-02  6.677E+01  1.388E+02  2.108E+02  2.828E+02
 -5.212E+00  3.503E-02  6.679E+01  1.388E+02  2.108E+02  2.828E+02
 -5.196E+00  3.626E-02  6.680E+01  1.388E+02  2.108E+02  2.828E+02
 -5.182E+00  3.749E-02  6.682E+01  1.388E+02  2.108E+02  2.828E+02
 -5.168E+00  3.872E-02  6.683E+01  1.388E+02  2.108E+02  2.828E+02
 -5.154E+00  3.995E-02  6.685E+01  1.388E+02  2.108E+02  2.828E+02
 -5.142E+00  4.118E-02  6.686E+01  1.389E+02  2.109E+02  2.829E+02
 -5.130E+00  4.241E-02  6.687E+01  1.389E+02  2.109E+02  2.829E+02
 -5.118E+00  4.364E-02  6.688E+01  1.389E+02  2.109E+02  2.829E+02
 -5.107E+00  4.487E-02  6.689E+01  1.389E+02  2.109E+02  2.829E+02
 -5.096E+00  4.610E-02  6.690E+01  1.389E+02  2.109E+02  2.829E+02
 -5.085E+00  4.733E-02  6.691E+01  1.389E+02  2.109E+02  2.829E+02
 -5.075E+00  4.856E-02  6.692E+01  1.389E+02  2.109E+02  2.829E+02
 -5.066E+00  4.978E-02  6.693E+01  1.389E+02  2.109E+02  2.829E+02
 -5.056E+00  5.101E-02  6.694E+01  1.389E+02  2.109E+02  2.829E+02
 -5.047E+00  5.224E-02  6.695E+01  1.390E+02  2.110E+02  2.830E+02
 -5.038E+00  5.347E-02  6.696E+01  1.390E+02  2.110E+02  2.830E+02
 -5.030E+00  5.470E-02  6.697E+01  1.390E+02  2.110E+02  2.830E+02
 -5.021E+00  5.593E-02  6.698E+01  1.390E+02  2.110E+02  2.830E+02
 -5.013E+00  5.716E-02  6.699E+01  1.390E+02  2.110E+02  2.830E+02
 -5.005E+00  5.839E-02  6.700E+01  1.390E+02  2.110E+02  2.830E+02
 -4.997E+00  5.962E-02  6.700E+01  1.390E+02  2.110E+02  2.830E+02
 -4.989E+00  6.085E-02  6.701E+01  1.390E+02  2.110E+02  2.830E+02
 -4.981E+00  6.208E-02  6.702E+01  1.390E+02  2.110E+02  2.830E+02
 -4.974E+00  6.331E-02  6.703E+01  1.390E+02  2.110E+02  2.830E+02
 -4.966E+00  6.454E-02  6.703E+01  1.390E+02  2.110E+02  2.830E+02
 -4.959E+00  6.577E-02  6.704E+01  1.390E+02  2.110E+02  2.830E+02
 -4.952E+00  6.699E-02  6.705E+01  1.390E+02  2.110E+02  2.830E+02
 -4.945E+00  6.822E-02  6.706E+01  1.391E+02  2.111E+02  2.831E+02
 -4.937E+00  6.945E-02  6.706E+01  1.391E+02  2.111E+02  2.831E+02
 -4.930E+00  7.068E-02  6.707E+01  1.391E+02  2.111E+02  2.831E+02
 -4.923E+00  7.191E-02  6.708E+01  1.391E+02  2.111E+02  2.831E+02
 -4.916E+00  7.314E-02  6.708E+01  1.391E+02  2.111E+02  2.831E+02
 -4.910E+00  7.437E-02  6.709E+01  1.391E+02  2.111E+02  2.831E+02
 -4.903E+00  7.560E-02  6.710E+01  1.391E+02  2.111E+02  2.831E+02
 -4.896E+00  7.683E-02  6.710E+01  1.391E+02  2.111E+02  2.831E+02
 -4.889E+00  7.806E-02  6.711E+01  1.391E+02  2.111E+02  2.831E+02
 -4.882E+00  7.929E-02  6.712E+01  1.391E+02  2.111E+02  2.831E+02
 -4.875E+00  8.052E-02  6.712E+01  1.391E+02  2.111E+02  2.831E+02
 -4.868E+00  8.175E-02  6.713E+01  1.391E+02  2.111E+02  2.831E+02
 -4.861E+00  8.297E-02  6.714E+01  1.391E+02  2.111E+02  2.831E+02
 -4.855E+00  8.420E-02  6.715E+01  1.391E+02  2.111E+02  2.831E+02
 -4.848E+00  8.543E-02  6.715E+01  1.392E+02  2.112E+02  2.832E+02
 -4.841E+00  8.666E-02  6.716E+01  1.392E+02  2.112E+02  2.832E+02
 -4.834E+00  8.789E-02  6.717E+01  1.392E+02  2.112E+02  2.832E+02
 -4.827E+00  8.912E-02  6.717E+01  1.392E+02  2.112E+02  2.832E+02
 -4.820E+00  9.035E-02  6.718E+01  1.392E+02  2.112E+02  2.832E+02
 -4.813E+00  9.158E-02  6.719E+01  1.392E+02  2.112E+02  2.832E+02
 -4.806E+00  9.281E-02  6.719E+01  1.392E+02  2.112E+02  2.832E+02
 -4.798E+00  9.404E-02  6.720E+01  1.392E+02  2.112E+02  2.832E+02
 -4.791E+00  9.527E-02  6.721E+01  1.392E+02  2.112E+02  2.832E+02
 -4.784E+00  9.650E-02  6.722E+01  1.392E+02  2.112E+02  2.832E+02
 -4.777E+00  9.773E-02  6.722E+01  1.392E+02  2.112E+02  2.832E+02
 -4.769E+00  9.896E-02  6.723E+01  1.392E+02  2.112E+02  2.832E+02
 -4.761E+00  1.002E-01  6.724E+01  1.392E+02  2.112E+02  2.832E+02
 -4.754E+00  1.014E-01  6.725E+01  1.392E+02  2.112E+02  2.832E+02
 -4.746E+00  1.026E-01  6.725E+01  1.393E+02  2.113E+02  2.833E+02
 -4.739E+00  1.039E-01  6.726E+01  1.393E+02  2.113E+02  2.833E+02
 -4.731E+00  1.051E-01  6.727E+01  1.393E+02  2.113E+02  2.833E+02
 -4.723E+00  1.063E-01  6.728E+01  1.393E+02  2.113E+02  2.833E+02
 -4.715E+00  1.076E-01  6.729E+01  1.393E+02  2.113E+02  2.833E+02
 -4.707E+00  1.088E-01  6.729E+01  1.393E+02  2.113E+02  2.833E+02
 -4.698E+00  1.100E-01  6.730E+01  1.393E+02  2.113E+02  2.833E+02
 -4.690E+00  1.112E-01  6.731E+01  1.393E+02  2.113E+02  2.833E+02
 -4.682E+00  1.125E-01  6.732E+01  1.393E+02  2.113E+02  2.833E+02
 -4.673E+00  1.137E-01  6.733E+01  1.393E+02  2.113E+02  2.833E+02
 -4.665E+00  1.149E-01  6.734E+01  1.393E+02  2.113E+02  2.833E+02
 -4.656E+00  1.162E-01  6.734E+01  1.393E+02  2.113E+02  2.833E+02
 -4.647E+00  1.174E-01  6.735E+01  1.394E+02  2.114E+02  2.834E+02
 -4.638E+00  1.186E-01  6.736E+01  1.394E+02  2.114E+02  2.834E+02
 -4.629E+00  1.199E-01  6.737E+01  1.394E+02  2.114E+02  2.834E+02
 -4.620E+00  1.211E-01  6.738E+01  1.394E+02  2.114E+02  2.834E+02
 -4.610E+00  1.223E-01  6.739E+01  1.394E+02  2.114E+02  2.834E+02
 -4.601E+00  1.235E-01  6.740E+01  1.394E+02  2.114E+02  2.834E+02
 -4.591E+00  1.248E-01  6.741E+01  1.394E+02  2.114E+02  2.834E+02
 -4.581E+00  1.260E-01  6.742E+01  1.394E+02  2.114E+02  2.834E+02
 -4.571E+00  1.272E-01  6.743E+01  1.394E+02  2.114E+02  2.834E+02
 -4.561E+00  1.285E-01  6.744E+01  1.394E+02  2.114E+02  2.834E+02
 -4.551E+00  1.297E-01  6.745E+01  1.394E+02  2.114E+02  2.834E+02
 -4.541E+00  1.309E-01  6.746E+01  1.395E+02  2.115E+02  2.835E+02
 -4.530E+00  1.321E-01  6.747E+01  1.395E+02  2.115E+02  2.835E+02
 -4.520E+00  1.334E-01  6.748E+01  1.395E+02  2.115E+02  2.835E+02
 -4.509E+00  1.346E-01  6.749E+01  1.395E+02  2.115E+02  2.835E+02
 -4.498E+00  1.358E-01  6.750E+01  1.395E+02  2.115E+02  2.835E+02
 -4.487E+00  1.371E-01  6.751E+01  1.395E+02  2.115E+02  2.835E+02
 -4.475E+00  1.383E-01  6.752E+01  1.395E+02  2.115E+02  2.835E+02
 -4.464E+00  1.395E-01  6.754E+01  1.395E+02  2.115E+02  2.835E+02
 -4.452E+00  1.407E-01  6.755E+01  1.395E+02  2.115E+02  2.835E+02
 -4.441E+00  1.420E-01  6.756E+01  1.396E+02  2.116E+02  2.836E+02
 -4.429E+00  1.432E-01  6.757E+01  1.396E+02  2.116E+02  2.836E+02
 -4.416E+00  1.444E-01  6.758E+01  1.396E+02  2.116E+02  2.836E+02
 -4.404E+00  1.457E-01  6.760E+01  1.396E+02  2.116E+02  2.836E+02
 -4.392E+00  1.469E-01  6.761E+01  1.396E+02  2.116E+02  2.836E+02
 -4.379E+00  1.481E-01  6.762E+01  1.396E+02  2.116E+02  2.836E+02
 -4.366E+00  1.494E-01  6.763E+01  1.396E+02  2.116E+02  2.836E+02
 -4.353E+00  1.506E-01  6.765E+01  1.396E+02  2.116E+02  2.836E+02
 -4.339E+00  1.518E-01  6.766E+01  1.397E+02  2.117E+02  2.837E+02
 -4.326E+00  1.530E-01  6.767E+01  1.397E+02  2.117E+02  2.837E+02
 -4.312E+00  1.543E-01  6.769E+01  1.397E+02  2.117E+02  2.837E+02
 -4.298E+00  1.555E-01  6.770E+01  1.397E+02  2.117E+02  2.837E+02
 -4.284E+00  1.567E-01  6.772E+01  1.397E+02  2.117E+02  2.837E+02
 -4.270E+00  1.580E-01  6.773E+01  1.397E+02  2.117E+02  2.837E+02
 -4.256E+00  1.592E-01  6.774E+01  1.397E+02  2.117E+02  2.837E+02
 -4.241E+00  1.604E-01  6.776E+01  1.398E+02  2.118E+02  2.838E+02
 -4.226E+00  1.616E-01  6.777E+01  1.398E+02  2.118E+02  2.838E+02
 -4.211E+00  1.629E-01  6.779E+01  1.398E+02  2.118E+02  2.838E+02
 -4.196E+00  1.641E-01  6.780E+01  1.398E+02  2.118E+02  2.838E+02
 -4.180E+00  1.653E-01  6.782E+01  1.398E+02  2.118E+02  2.838E+02
 -4.164E+00  1.666E-01  6.784E+01  1.398E+02  2.118E+02  2.838E+02
 -4.148E+00  1.678E-01  6.785E+01  1.399E+02  2.119E+02  2.839E+02
 -4.132E+00  1.690E-01  6.787E+01  1.399E+02  2.119E+02  2.839E+02
 -4.115E+00  1.703E-01  6.788E+01  1.399E+02  2.119E+02  2.839E+02
 -4.099E+00  1.715E-01  6.790E+01  1.399E+02  2.119E+02  2.839E+02
 -4.082E+00  1.727E-01  6.792E+01  1.399E+02  2.119E+02  2.839E+02
 -4.065E+00  1.739E-01  6.794E+01  1.399E+02  2.119E+02  2.839E+02
 -4.047E+00  1.752E-01  6.795E+01  1.400E+02  2.120E+02  2.840E+02
 -4.030E+00  1.764E-01  6.797E+01  1.400E+02  2.120E+02  2.840E+02
 -4.012E+00  1.776E-01  6.799E+01  1.400E+02  2.120E+02  2.840E+02
 -3.994E+00  1.789E-01  6.801E+01  1.400E+02  2.120E+02  2.840E+02
 -3.975E+00  1.801E-01  6.802E+01  1.400E+02  2.120E+02  2.840E+02
 -3.957E+00  1.813E-01  6.804E+01  1.400E+02  2.120E+02  2.840E+02
 -3.938E+00  1.825E-01  6.806E+01  1.401E+02  2.121E+02  2.841E+02
 -3.919E+00  1.838E-01  6.808E+01  1.401E+02  2.121E+02  2.841E+02
 -3.900E+00  1.850E-01  6.810E+01  1.401E+02  2.121E+02  2.841E+02
 -3.880E+00  1.862E-01  6.812E+01  1.401E+02  2.121E+02  2.841E+02
 -3.860E+00  1.875E-01  6.814E+01  1.401E+02  2.121E+02  2.841E+02
 -3.840E+00  1.887E-01  6.816E+01  1.402E+02  2.122E+02  2.842E+02
 -3.820E+00  1.899E-01  6.818E+01  1.402E+02  2.122E+02  2.842E+02
 -3.799E+00  1.911E-01  6.820E+01  1.402E+02  2.122E+02  2.842E+02
 -3.778E+00  1.924E-01  6.822E+01  1.402E+02  2.122E+02  2.842E+02
 -3.757E+00  1.936E-01  6.824E+01  1.402E+02  2.122E+02  2.842E+02
 -3.736E+00  1.948E-01  6.826E+01  1.403E+02  2.123E+02  2.843E+02
 -3.714E+00  1.961E-01  6.829E+01  1.403E+02  2.123E+02  2.843E+02
 -3.692E+00  1.973E-01  6.831E+01  1.403E+02  2.123E+02  2.843E+02
 -3.670E+00  1.985E-01  6.833E+01  1.403E+02  2.123E+02  2.843E+02
 -3.647E+00  1.998E-01  6.835E+01  1.404E+02  2.124E+02  2.844E+02
 -3.624E+00  2.010E-01  6.838E+01  1.404E+02  2.124E+02  2.844E+02
 -3.601E+00  2.022E-01  6.840E+01  1.404E+02  2.124E+02  2.844E+02
 -3.578E+00  2.034E-01  6.842E+01  1.404E+02  2.124E+02  2.844E+02
 -3.554E+00  2.047E-01  6.845E+01  1.404E+02  2.124E+02  2.844E+02
 -3.531E+00  2.059E-01  6.847E+01  1.405E+02  2.125E+02  2.845E+02
 -3.506E+00  2.071E-01  6.849E+01  1.405E+02  2.125E+02  2.845E+02
 -3.482E+00  2.084E-01  6.852E+01  1.405E+02  2.125E+02  2.845E+02
 -3.457E+00  2.096E-01  6.854E+01  1.405E+02  2.125E+02  2.845E+02
 -3.432E+00  2.108E-01  6.857E+01  1.406E+02  2.126E+02  2.846E+02
 -3.407E+00  2.120E-01  6.859E+01  1.406E+02  2.126E+02  2.846E+02
 -3.381E+00  2.133E-01  6.862E+01  1.406E+02  2.126E+02  2.846E+02
 -3.355E+00  2.145E-01  6.864E+01  1.406E+02  2.126E+02  2.846E+02
 -3.329E+00  2.157E-01  6.867E+01  1.407E+02  2.127E+02  2.847E+02
 -3.303E+00  2.170E-01  6.870E+01  1.407E+02  2.127E+02  2.847E+02
 -3.276E+00  2.182E-01  6.872E+01  1.407E+02  2.127E+02  2.847E+02
 -3.249E+00  2.194E-01  6.875E+01  1.408E+02  2.128E+02  2.848E+02
 -3.222E+00  2.207E-01  6.878E+01  1.408E+02  2.128E+02  2.848E+02
 -3.194E+00  2.219E-01  6.881E+01  1.408E+02  2.128E+02  2.848E+02
 -3.166E+00  2.231E-01  6.883E+01  1.408E+02  2.128E+02  2.848E+02
 -3.138E+00  2.243E-01  6.886E+01  1.409E+02  2.129E+02  2.849E+02
 -3.110E+00  2.256E-01  6.889E+01  1.409E+02  2.129E+02  2.849E+02
 -3.081E+00  2.268E-01  6.892E+01  1.409E+02  2.129E+02  2.849E+02
 -3.052E+00  2.280E-01  6.895E+01  1.409E+02  2.129E+02  2.849E+02
 -3.023E+00  2.293E-01  6.898E+01  1.410E+02  2.130E+02  2.850E+02
 -2.993E+00  2.305E-01  6.901E+01  1.410E+02  2.130E+02  2.850E+02
 -2.963E+00  2.317E-01  6.904E+01  1.410E+02  2.130E+02  2.850E+02
 -2.933E+00  2.329E-01  6.907E+01  1.411E+02  2.131E+02  2.851E+02
 -2.903E+00  2.342E-01  6.910E+01  1.411E+02  2.131E+02  2.851E+02
 -2.872E+00  2.354E-01  6.913E+01  1.411E+02  2.131E+02  2.851E+02
 -2.841E+00  2.366E-01  6.916E+01  1.412E+02  2.132E+02  2.852E+02
 -2.810E+00  2.379E-01  6.919E+01  1.412E+02  2.132E+02  2.852E+02
 -2.778E+00  2.391E-01  6.922E+01  1.412E+02  2.132E+02  2.852E+02
 -2.747E+00  2.403E-01  6.925E+01  1.413E+02  2.133E+02  2.853E+02
 -2.715E+00  2.415E-01  6.929E+01  1.413E+02  2.133E+02  2.853E+02
 -2.683E+00  2.428E-01  6.932E+01  1.413E+02  2.133E+02  2.853E+02
 -2.650E+00  2.440E-01  6.935E+01  1.413E+02  2.133E+02  2.853E+02
 -2.617E+00  2.452E-01  6.938E+01  1.414E+02  2.134E+02  2.854E+02
 -2.585E+00  2.465E-01  6.942E+01  1.414E+02  2.134E+02  2.854E+02
 -2.551E+00  2.477E-01  6.945E+01  1.414E+02  2.134E+02  2.854E+02
 -2.518E+00  2.489E-01  6.948E+01  1.415E+02  2.135E+02  2.855E+02
 -2.484E+00  2.502E-01  6.952E+01  1.415E+02  2.135E+02  2.855E+02
 -2.451E+00  2.514E-01  6.955E+01  1.415E+02  2.135E+02  2.855E+02
 -2.417E+00  2.526E-01  6.958E+01  1.416E+02  2.136E+02  2.856E+02
 -2.383E+00  2.538E-01  6.962E+01  1.416E+02  2.136E+02  2.856E+02
 -2.348E+00  2.551E-01  6.965E+01  1.417E+02  2.137E+02  2.857E+02
 -2.314E+00  2.563E-01  6.969E+01  1.417E+02  2.137E+02  2.857E+02
 -2.279E+00  2.575E-01  6.972E+01  1.417E+02  2.137E+02  2.857E+02
 -2.245E+00  2.588E-01  6.976E+01  1.418E+02  2.138E+02  2.858E+02
 -2.210E+00  2.600E-01  6.979E+01  1.418E+02  2.138E+02  2.858E+02
 -2.175E+00  2.612E-01  6.983E+01  1.418E+02  2.138E+02  2.858E+02
 -2.140E+00  2.624E-01  6.986E+01  1.419E+02  2.139E+02  2.859E+02
 -2.105E+00  2.637E-01  6.990E+01  1.419E+02  2.139E+02  2.859E+02
 -2.070E+00  2.649E-01  6.993E+01  1.419E+02  2.139E+02  2.859E+02
 -2.035E+00  2.661E-01  6.997E+01  1.420E+02  2.140E+02  2.860E+02
 -2.000E+00  2.674E-01  7.000E+01  1.420E+02  2.140E+02  2.860E+02
 -1.965E+00  2.686E-01  7.003E+01  1.420E+02  2.140E+02  2.860E+02
 -1.931E+00  2.698E-01  7.007E+01  1.421E+02  2.141E+02  2.861E+02
 -1.896E+00  2.711E-01  7.010E+01  1.421E+02  2.141E+02  2.861E+02
 -1.862E+00  2.723E-01  7.014E+01  1.421E+02  2.141E+02  2.861E+02
 -1.827E+00  2.735E-01  7.017E+01  1.422E+02  2.142E+02  2.862E+02
 -1.794E+00  2.747E-01  7.021E+01  1.422E+02  2.142E+02  2.862E+02
 -1.760E+00  2.760E-01  7.024E+01  1.422E+02  2.142E+02  2.862E+02
 -1.727E+00  2.772E-01  7.027E+01  1.423E+02  2.143E+02  2.863E+02
 -1.695E+00  2.784E-01  7.031E+01  1.423E+02  2.143E+02  2.863E+02
 -1.663E+00  2.797E-01  7.034E+01  1.423E+02  2.143E+02  2.863E+02
 -1.632E+00  2.809E-01  7.037E+01  1.424E+02  2.144E+02  2.864E+02
 -1.602E+00  2.821E-01  7.040E+01  1.424E+02  2.144E+02  2.864E+02
 -1.572E+00  2.833E-01  7.043E+01  1.424E+02  2.144E+02  2.864E+02
 -1.544E+00  2.846E-01  7.046E+01  1.425E+02  2.145E+02  2.865E+02
 -1.517E+00  2.858E-01  7.048E+01  1.425E+02  2.145E+02  2.865E+02
 -1.491E+00  2.870E-01  7.051E+01  1.425E+02  2.145E+02  2.865E+02
 -1.468E+00  2.883E-01  7.053E+01  1.425E+02  2.145E+02  2.865E+02
 -1.445E+00  2.895E-01  7.055E+01  1.426E+02  2.146E+02  2.866E+02
 -1.426E+00  2.907E-01  7.057E+01  1.426E+02  2.146E+02  2.866E+02
 -1.408E+00  2.919E-01  7.059E+01  1.426E+02  2.146E+02  2.866E+02
 -1.394E+00  2.932E-01  7.061E+01  1.426E+02  2.146E+02  2.866E+02
 -1.383E+00  2.944E-01  7.062E+01  1.426E+02  2.146E+02  2.866E+02
 -1.376E+00  2.956E-01  7.062E+01  1.426E+02  2.146E+02  2.866E+02
 -1.373E+00  2.969E-01  7.063E+01  1.426E+02  2.146E+02  2.866E+02
 -1.376E+00  2.981E-01  7.062E+01  1.426E+02  2.146E+02  2.866E+02
 -1.386E+00  2.993E-01  7.061E+01  1.426E+02  2.146E+02  2.866E+02
 -1.403E+00  3.006E-01  7.060E+01  1.426E+02  2.146E+02  2.866E+02
 -1.430E+00  3.018E-01  7.057E+01  1.426E+02  2.146E+02  2.866E+02
 -1.467E+00  3.030E-01  7.053E+01  1.425E+02  2.145E+02  2.865E+02
 -1.519E+00  3.042E-01  7.048E+01  1.425E+02  2.145E+02  2.865E+02
 -1.588E+00  3.055E-01  7.041E+01  1.424E+02  2.144E+02  2.864E+02
 -1.680E+00  3.067E-01  7.032E+01  1.423E+02  2.143E+02  2.863E+02
 -1.800E+00  3.079E-01  7.020E+01  1.422E+02  2.142E+02  2.862E+02
 -1.958E+00  3.092E-01  7.004E+01  1.420E+02  2.140E+02  2.860E+02
 -2.169E+00  3.104E-01  6.983E+01  1.418E+02  2.138E+02  2.858E+02
 -2.453E+00  3.116E-01  6.955E+01  1.415E+02  2.135E+02  2.855E+02
 -2.846E+00  3.128E-01  6.915E+01  1.412E+02  2.132E+02  2.852E+02
 -3.409E+00  3.141E-01  6.859E+01  1.406E+02  2.126E+02  2.846E+02
 -4.261E+00  3.153E-01  6.774E+01  1.397E+02  2.117E+02  2.837E+02
 -5.655E+00  3.165E-01  6.634E+01  1.383E+02  2.103E+02  2.823E+02
 -8.205E+00  3.178E-01  6.380E+01  1.358E+02  2.078E+02  2.798E+02
 -1.308E+01  3.190E-01  5.892E+01  1.309E+02  2.029E+02  2.749E+02
 -1.031E+01  8.832E-01  6.169E+01  1.337E+02  2.057E+02  2.777E+02
 -1.049E+01  8.844E-01  6.151E+01  1.335E+02  2.055E+02  2.775E+02
 -1.063E+01  8.857E-01  6.137E+01  1.334E+02  2.054E+02  2.774E+02
 -1.075E+01  8.869E-01  6.125E+01  1.333E+02  2.053E+02  2.773E+02
 -1.085E+01  8.881E-01  6.115E+01  1.331E+02  2.051E+02  2.771E+02
 -1.095E+01  8.894E-01  6.105E+01  1.331E+02  2.051E+02  2.771E+02
 -1.104E+01  8.906E-01  6.096E+01  1.330E+02  2.050E+02  2.770E+02
 -1.113E+01  8.918E-01  6.087E+01  1.329E+02  2.049E+02  2.769E+02
 -1.121E+01  8.931E-01  6.079E+01  1.328E+02  2.048E+02  2.768E+02
 -1.129E+01  8.943E-01  6.071E+01  1.327E+02  2.047E+02  2.767E+02
 -1.137E+01  8.955E-01  6.063E+01  1.326E+02  2.046E+02  2.766E+02
 -1.144E+01  8.967E-01  6.056E+01  1.326E+02  2.046E+02  2.766E+02
 -1.152E+01  8.980E-01  6.048E+01  1.325E+02  2.045E+02  2.765E+02
 -1.159E+01  8.992E-01  6.041E+01  1.324E+02  2.044E+02  2.764E+02
 -1.166E+01  9.004E-01  6.034E+01  1.323E+02  2.043E+02  2.763E+02
 -1.173E+01  9.017E-01  6.027E+01  1.323E+02  2.043E+02  2.763E+02
 -1.179E+01  9.029E-01  6.021E+01  1.322E+02  2.042E+02  2.762E+02
 -1.186E+01  9.041E-01  6.014E+01  1.321E+02  2.041E+02  2.761E+02
 -1.192E+01  9.053E-01  6.008E+01  1.321E+02  2.041E+02  2.761E+02
 -1.199E+01  9.066E-01  6.001E+01  1.320E+02  2.040E+02  2.760E+02
 -1.205E+01  9.078E-01  5.995E+01  1.320E+02  2.040E+02  2.760E+02
 -1.211E+01  9.090E-01  5.989E+01  1.319E+02  2.039E+02  2.759E+02
 -1.217E+01  9.103E-01  5.983E+01  1.318E+02  2.038E+02  2.758E+02
 -1.223E+01  9.115E-01  5.977E+01  1.318E+02  2.038E+02  2.758E+02
 -1.228E+01  9.127E-01  5.972E+01  1.317E+02  2.037E+02  2.757E+02
 -1.234E+01  9.140E-01  5.966E+01  1.317E+02  2.037E+02  2.757E+02
 -1.239E+01  9.152E-01  5.961E+01  1.316E+02  2.036E+02  2.756E+02
 -1.245E+01  9.164E-01  5.955E+01  1.316E+02  2.036E+02  2.756E+02
 -1.250E+01  9.176E-01  5.950E+01  1.315E+02  2.035E+02  2.755E+02
 -1.256E+01  9.189E-01  5.944E+01  1.314E+02  2.034E+02  2.754E+02
 -1.261E+01  9.201E-01  5.939E+01  1.314E+02  2.034E+02  2.754E+02
 -1.266E+01  9.213E-01  5.934E+01  1.313E+02  2.033E+02  2.753E+02
 -1.271E+01  9.226E-01  5.929E+01  1.313E+02  2.033E+02  2.753E+02
 -1.276E+01  9.238E-01  5.924E+01  1.312E+02  2.032E+02  2.752E+02
 -1.281E+01  9.250E-01  5.919E+01  1.312E+02  2.032E+02  2.752E+02
 -1.286E+01  9.262E-01  5.914E+01  1.311E+02  2.031E+02  2.751E+02
 -1.290E+01  9.275E-01  5.910E+01  1.311E+02  2.031E+02  2.751E+02
 -1.295E+01  9.287E-01  5.905E+01  1.310E+02  2.030E+02  2.750E+02
 -1.300E+01  9.299E-01  5.900E+01  1.310E+02  2.030E+02  2.750E+02
 -1.305E+01  9.312E-01  5.895E+01  1.310E+02  2.030E+02  2.750E+02
 -1.309E+01  9.324E-01  5.891E+01  1.309E+02  2.029E+02  2.749E+02
 -1.314E+01  9.336E-01  5.886E+01  1.309E+02  2.029E+02  2.749E+02
 -1.318E+01  9.348E-01  5.882E+01  1.308E+02  2.028E+02  2.748E+02
 -1.323E+01  9.361E-01  5.877E+01  1.308E+02  2.028E+02  2.748E+02
 -1.327E+01  9.373E-01  5.873E+01  1.307E+02  2.027E+02  2.747E+02
 -1.332E+01  9.385E-01  5.868E+01  1.307E+02  2.027E+02  2.747E+02
 -1.336E+01  9.398E-01  5.864E+01  1.306E+02  2.026E+02  2.746E+02
 -1.341E+01  9.410E-01  5.859E+01  1.306E+02  2.026E+02  2.746E+02
 -1.345E+01  9.422E-01  5.855E+01  1.306E+02  2.026E+02  2.746E+02
 -1.349E+01  9.435E-01  5.851E+01  1.305E+02  2.025E+02  2.745E+02
 -1.354E+01  9.447E-01  5.846E+01  1.305E+02  2.025E+02  2.745E+02
 -1.358E+01  9.459E-01  5.842E+01  1.304E+02  2.024E+02  2.744E+02
 -1.362E+01  9.471E-01  5.838E+01  1.304E+02  2.024E+02  2.744E+02
 -1.367E+01  9.484E-01  5.833E+01  1.303E+02  2.023E+02  2.743E+02
 -1.371E+01  9.496E-01  5.829E+01  1.303E+02  2.023E+02  2.743E+02
 -1.376E+01  9.508E-01  5.824E+01  1.302E+02  2.022E+02  2.742E+02
 -1.380E+01  9.521E-01  5.820E+01  1.302E+02  2.022E+02  2.742E+02
 -1.385E+01  9.533E-01  5.815E+01  1.302E+02  2.022E+02  2.742E+02
 -1.389E+01  9.545E-01  5.811E+01  1.301E+02  2.021E+02  2.741E+02
 -1.394E+01  9.557E-01  5.806E+01  1.301E+02  2.021E+02  2.741E+02
 -1.398E+01  9.570E-01  5.802E+01  1.300E+02  2.020E+02  2.740E+02
 -1.403E+01  9.582E-01  5.797E+01  1.300E+02  2.020E+02  2.740E+02
 -1.407E+01  9.594E-01  5.793E+01  1.299E+02  2.019E+02  2.739E+02
 -1.412E+01  9.607E-01  5.788E+01  1.299E+02  2.019E+02  2.739E+02
 -1.417E+01  9.619E-01  5.783E+01  1.298E+02  2.018E+02  2.738E+02
 -1.422E+01  9.631E-01  5.778E+01  1.298E+02  2.018E+02  2.738E+02
 -1.427E+01  9.644E-01  5.773E+01  1.297E+02  2.017E+02  2.737E+02
 -1.432E+01  9.656E-01  5.768E+01  1.297E+02  2.017E+02  2.737E+02
 -1.438E+01  9.668E-01  5.762E+01  1.296E+02  2.016E+02  2.736E+02
 -1.443E+01  9.680E-01  5.757E+01  1.296E+02  2.016E+02  2.736E+02
 -1.449E+01  9.693E-01  5.751E+01  1.295E+02  2.015E+02  2.735E+02
 -1.454E+01  9.705E-01  5.746E+01  1.295E+02  2.015E+02  2.735E+02
 -1.460E+01  9.717E-01  5.740E+01  1.294E+02  2.014E+02  2.734E+02
 -1.467E+01  9.730E-01  5.733E+01  1.293E+02  2.013E+02  2.733E+02
 -1.473E+01  9.742E-01  5.727E+01  1.293E+02  2.013E+02  2.733E+02
 -1.480E+01  9.754E-01  5.720E+01  1.292E+02  2.012E+02  2.732E+02
 -1.487E+01  9.766E-01  5.713E+01  1.291E+02  2.011E+02  2.731E+02
 -1.495E+01  9.779E-01  5.705E+01  1.291E+02  2.011E+02  2.731E+02
 -1.503E+01  9.791E-01  5.697E+01  1.290E+02  2.010E+02  2.730E+02
 -1.512E+01  9.803E-01  5.688E+01  1.289E+02  2.009E+02  2.729E+02
 -1.521E+01  9.816E-01  5.679E+01  1.288E+02  2.008E+02  2.728E+02
 -1.531E+01  9.828E-01  5.669E+01  1.287E+02  2.007E+02  2.727E+02
 -1.542E+01  9.840E-01  5.658E+01  1.286E+02  2.006E+02  2.726E+02
 -1.554E+01  9.852E-01  5.646E+01  1.285E+02  2.005E+02  2.725E+02
 -1.567E+01  9.865E-01  5.633E+01  1.283E+02  2.003E+02  2.723E+02
 -1.582E+01  9.877E-01  5.618E+01  1.282E+02  2.002E+02  2.722E+02
 -1.598E+01  9.889E-01  5.602E+01  1.280E+02  2.000E+02  2.720E+02
 -1.617E+01  9.902E-01  5.583E+01  1.278E+02  1.998E+02  2.718E+02
 -1.640E+01  9.914E-01  5.560E+01  1.276E+02  1.996E+02  2.716E+02
 -1.666E+01  9.926E-01  5.534E+01  1.273E+02  1.993E+02  2.713E+02
 -1.697E+01  9.939E-01  5.503E+01  1.270E+02  1.990E+02  2.710E+02
 -1.735E+01  9.951E-01  5.465E+01  1.266E+02  1.986E+02  2.706E+02
 -1.784E+01  9.963E-01  5.416E+01  1.262E+02  1.982E+02  2.702E+02
 -1.848E+01  9.975E-01  5.352E+01  1.255E+02  1.975E+02  2.695E+02
 -1.935E+01  9.988E-01  5.265E+01  1.246E+02  1.966E+02  2.686E+02
 -2.064E+01  1.000E+00  5.136E+01  1.234E+02  1.954E+02  2.674E+02
 -2.268E+01  1.001E+00  4.932E+01  1.213E+02  1.933E+02  2.653E+02
 -2.633E+01  1.002E+00  4.567E+01  1.177E+02  1.897E+02  2.617E+02
 -3.369E+01  1.004E+00  3.831E+01  1.103E+02  1.823E+02  2.543E+02
 -4.669E+01  1.005E+00  2.531E+01  9.731E+01  1.693E+02  2.413E+02
 -5.800E+01  1.006E+00  1.400E+01  8.600E+01  1.580E+02  2.300E+02
 -6.376E+01  1.007E+00  8.242E+00  8.024E+01  1.522E+02  2.242E+02
 -6.671E+01  1.009E+00  5.289E+00  7.729E+01  1.493E+02  2.213E+02
 -6.844E+01  1.010E+00  3.564E+00  7.556E+01  1.476E+02  2.196E+02
 -6.955E+01  1.011E+00  2.445E+00  7.445E+01  1.464E+02  2.184E+02
 -7.034E+01  1.012E+00  1.662E+00  7.366E+01  1.457E+02  2.177E+02
 -7.092E+01  1.014E+00  1.083E+00  7.308E+01  1.451E+02  2.171E+02
 -7.136E+01  1.015E+00  6.359E-01  7.264E+01  1.446E+02  2.166E+02
 -7.172E+01  1.016E+00  2.792E-01  7.228E+01  1.443E+02  2.163E+02
 -7.201E+01  1.017E+00 -1.305E-02  7.199E+01  1.440E+02  2.160E+02
 -7.226E+01  1.018E+00 -2.578E-01  7.174E+01  1.437E+02  2.157E+02
 -7.247E+01  1.020E+00 -4.666E-01  7.153E+01  1.435E+02  2.155E+02
 -7.265E+01  1.021E+00 -6.474E-01  7.135E+01  1.434E+02  2.154E+02
 -7.281E+01  1.022E+00 -8.062E-01  7.119E+01  1.432E+02  2.152E+02
 -7.295E+01  1.023E+00 -9.473E-01  7.105E+01  1.431E+02  2.151E+02
 -7.307E+01  1.025E+00 -1.074E+00  7.093E+01  1.429E+02  2.149E+02
 -7.319E+01  1.026E+00 -1.188E+00  7.081E+01  1.428E+02  2.148E+02
 -7.329E+01  1.027E+00 -1.293E+00  7.071E+01  1.427E+02  2.147E+02
 -7.339E+01  1.028E+00 -1.389E+00  7.061E+01  1.426E+02  2.146E+02
 -7.348E+01  1.030E+00 -1.478E+00  7.052E+01  1.425E+02  2.145E+02
 -7.356E+01  1.031E+00 -1.561E+00  7.044E+01  1.424E+02  2.144E+02
 -7.364E+01  1.032E+00 -1.639E+00  7.036E+01  1.424E+02  2.144E+02
 -7.371E+01  1.033E+00 -1.712E+00  7.029E+01  1.423E+02  2.143E+02
 -7.378E+01  1.034E+00 -1.781E+00  7.022E+01  1.422E+02  2.142E+02
 -7.385E+01  1.036E+00 -1.847E+00  7.015E+01  1.422E+02  2.142E+02
 -7.391E+01  1.037E+00 -1.909E+00  7.009E+01  1.421E+02  2.141E+02
 -7.397E+01  1.038E+00 -1.969E+00  7.003E+01  1.420E+02  2.140E+02
 -7.403E+01  1.039E+00 -2.026E+00  6.997E+01  1.420E+02  2.140E+02
 -7.408E+01  1.041E+00 -2.081E+00  6.992E+01  1.419E+02  2.139E+02
 -7.413E+01  1.042E+00 -2.134E+00  6.987E+01  1.419E+02  2.139E+02
 -7.419E+01  1.043E+00 -2.186E+00  6.981E+01  1.418E+02  2.138E+02
 -7.424E+01  1.044E+00 -2.235E+00  6.976E+01  1.418E+02  2.138E+02
 -7.428E+01  1.045E+00 -2.284E+00  6.972E+01  1.417E+02  2.137E+02
 -7.433E+01  1.047E+00 -2.331E+00  6.967E+01  1.417E+02  2.137E+02
 -7.438E+01  1.048E+00 -2.377E+00  6.962E+01  1.416E+02  2.136E+02
 -7.442E+01  1.049E+00 -2.422E+00  6.958E+01  1.416E+02  2.136E+02
 -7.447E+01  1.050E+00 -2.466E+00  6.953E+01  1.415E+02  2.135E+02
 -7.451E+01  1.052E+00 -2.510E+00  6.949E+01  1.415E+02  2.135E+02
 -7.455E+01  1.053E+00 -2.552E+00  6.945E+01  1.414E+02  2.134E+02
 -7.459E+01  1.054E+00 -2.594E+00  6.941E+01  1.414E+02  2.134E+02
 -7.464E+01  1.055E+00 -2.636E+00  6.936E+01  1.414E+02  2.134E+02
 -7.468E+01  1.057E+00 -2.676E+00  6.932E+01  1.413E+02  2.133E+02
 -7.472E+01  1.058E+00 -2.717E+00  6.928E+01  1.413E+02  2.133E+02
 -7.476E+01  1.059E+00 -2.757E+00  6.924E+01  1.412E+02  2.132E+02
 -7.480E+01  1.060E+00 -2.796E+00  6.920E+01  1.412E+02  2.132E+02
 -7.484E+01  1.061E+00 -2.835E+00  6.916E+01  1.412E+02  2.132E+02
 -7.487E+01  1.063E+00 -2.874E+00  6.913E+01  1.411E+02  2.131E+02
 -7.491E+01  1.064E+00 -2.913E+00  6.909E+01  1.411E+02  2.131E+02
 -7.495E+01  1.065E+00 -2.951E+00  6.905E+01  1.410E+02  2.130E+02
 -7.499E+01  1.066E+00 -2.989E+00  6.901E+01  1.410E+02  2.130E+02
 -7.503E+01  1.068E+00 -3.027E+00  6.897E+01  1.410E+02  2.130E+02
 -7.506E+01  1.069E+00 -3.065E+00  6.894E+01  1.409E+02  2.129E+02
 -7.510E+01  1.070E+00 -3.103E+00  6.890E+01  1.409E+02  2.129E+02
 -7.514E+01  1.071E+00 -3.140E+00  6.886E+01  1.409E+02  2.129E+02
 -7.518E+01  1.073E+00 -3.178E+00  6.882E+01  1.408E+02  2.128E+02
 -7.522E+01  1.074E+00 -3.216E+00  6.878E+01  1.408E+02  2.128E+02
 -7.525E+01  1.075E+00 -3.253E+00  6.875E+01  1.407E+02  2.127E+02
 -7.529E+01  1.076E+00 -3.291E+00  6.871E+01  1.407E+02  2.127E+02
 -7.533E+01  1.077E+00 -3.329E+00  6.867E+01  1.407E+02  2.127E+02
 -7.537E+01  1.079E+00 -3.366E+00  6.863E+01  1.406E+02  2.126E+02
 -7.540E+01  1.080E+00 -3.404E+00  6.860E+01  1.406E+02  2.126E+02
 -7.544E+01  1.081E+00 -3.442E+00  6.856E+01  1.406E+02  2.126E+02
 -7.548E+01  1.082E+00 -3.480E+00  6.852E+01  1.405E+02  2.125E+02
 -7.552E+01  1.084E+00 -3.518E+00  6.848E+01  1.405E+02  2.125E+02
 -7.556E+01  1.085E+00 -3.556E+00  6.844E+01  1.404E+02  2.124E+02
 -7.559E+01  1.086E+00 -3.594E+00  6.841E+01  1.404E+02  2.124E+02
 -7.563E+01  1.087E+00 -3.633E+00  6.837E+01  1.404E+02  2.124E+02
 -7.567E+01  1.089E+00 -3.672E+00  6.833E+01  1.403E+02  2.123E+02
 -7.571E+01  1.090E+00 -3.710E+00  6.829E+01  1.403E+02  2.123E+02
 -7.575E+01  1.091E+00 -3.749E+00  6.825E+01  1.403E+02  2.123E+02
 -7.579E+01  1.092E+00 -3.789E+00  6.821E+01  1.402E+02  2.122E+02
 -7.583E+01  1.093E+00 -3.828E+00  6.817E+01  1.402E+02  2.122E+02
 -7.587E+01  1.095E+00 -3.867E+00  6.813E+01  1.401E+02  2.121E+02
 -7.591E+01  1.096E+00 -3.907E+00  6.809E+01  1.401E+02  2.121E+02
 -7.595E+01  1.097E+00 -3.947E+00  6.805E+01  1.401E+02  2.121E+02
 -7.599E+01  1.098E+00 -3.987E+00  6.801E+01  1.400E+02  2.120E+02
 -7.603E+01  1.100E+00 -4.028E+00  6.797E+01  1.400E+02  2.120E+02
 -7.607E+01  1.101E+00 -4.068E+00  6.793E+01  1.399E+02  2.119E+02
 -7.611E+01  1.102E+00 -4.109E+00  6.789E+01  1.399E+02  2.119E+02
 -7.615E+01  1.103E+00 -4.150E+00  6.785E+01  1.399E+02  2.119E+02
 -7.619E+01  1.104E+00 -4.191E+00  6.781E+01  1.398E+02  2.118E+02
 -7.623E+01  1.106E+00 -4.232E+00  6.777E+01  1.398E+02  2.118E+02
 -7.627E+01  1.107E+00 -4.273E+00  6.773E+01  1.397E+02  2.117E+02
 -7.631E+01  1.108E+00 -4.315E+00  6.769E+01  1.397E+02  2.117E+02
 -7.636E+01  1.109E+00 -4.356E+00  6.764E+01  1.396E+02  2.116E+02
 -7.640E+01  1.111E+00 -4.398E+00  6.760E+01  1.396E+02  2.116E+02
 -7.644E+01  1.112E+00 -4.439E+00  6.756E+01  1.396E+02  2.116E+02
 -7.648E+01  1.113E+00 -4.480E+00  6.752E+01  1.395E+02  2.115E+02
 -7.652E+01  1.114E+00 -4.520E+00  6.748E+01  1.395E+02  2.115E+02
 -7.656E+01  1.116E+00 -4.560E+00  6.744E+01  1.394E+02  2.114E+02
 -7.660E+01  1.117E+00 -4.599E+00  6.740E+01  1.394E+02  2.114E+02
 -7.664E+01  1.118E+00 -4.636E+00  6.736E+01  1.394E+02  2.114E+02
 -7.667E+01  1.119E+00 -4.671E+00  6.733E+01  1.393E+02  2.113E+02
 -7.670E+01  1.120E+00 -4.702E+00  6.730E+01  1.393E+02  2.113E+02
 -7.672E+01  1.122E+00 -4.725E+00  6.728E+01  1.393E+02  2.113E+02
 -7.673E+01  1.123E+00 -4.731E+00  6.727E+01  1.393E+02  2.113E+02
