 -1.410E+01  1.844E-03  5.790E+01  1.299E+02  2.019E+02  2.739E+02
 -1.442E+01  3.073E-03  5.758E+01  1.296E+02  2.016E+02  2.736E+02
 -1.449E+01  4.302E-03  5.751E+01  1.295E+02  2.015E+02  2.735E+02
 -1.453E+01  5.532E-03  5.747E+01  1.295E+02  2.015E+02  2.735E+02
 -1.455E+01  6.761E-03  5.745E+01  1.295E+02  2.015E+02  2.735E+02
 -1.456E+01  7.990E-03  5.744E+01  1.294E+02  2.014E+02  2.734E+02
 -1.457E+01  9.219E-03  5.743E+01  1.294E+02  2.014E+02  2.734E+02
 -1.458E+01  1.045E-02  5.742E+01  1.294E+02  2.014E+02  2.734E+02
 -1.459E+01  1.168E-02  5.741E+01  1.294E+02  2.014E+02  2.734E+02
 -1.460E+01  1.291E-02  5.740E+01  1.294E+02  2.014E+02  2.734E+02
 -1.460E+01  1.414E-02  5.740E+01  1.294E+02  2.014E+02  2.734E+02
 -1.460E+01  1.537E-02  5.740E+01  1.294E+02  2.014E+02  2.734E+02
 -1.461E+01  1.659E-02  5.739E+01  1.294E+02  2.014E+02  2.734E+02
 -1.461E+01  1.782E-02  5.739E+01  1.294E+02  2.014E+02  2.734E+02
 -1.461E+01  1.905E-02  5.739E+01  1.294E+02  2.014E+02  2.734E+02
 -1.462E+01  2.028E-02  5.738E+01  1.294E+02  2.014E+02  2.734E+02
 -1.462E+01  2.151E-02  5.738E+01  1.294E+02  2.014E+02  2.734E+02
 -1.462E+01  2.274E-02  5.738E+01  1.294E+02  2.014E+02  2.734E+02
 -1.462E+01  2.397E-02  5.738E+01  1.294E+02  2.014E+02  2.734E+02
 -1.463E+01  2.520E-02  5.737E+01  1.294E+02  2.014E+02  2.734E+02
 -1.463E+01  2.643E-02  5.737E+01  1.294E+02  2.014E+02  2.734E+02
 -1.463E+01  2.766E-02  5.737E+01  1.294E+02  2.014E+02  2.734E+02
 -1.463E+01  2.889E-02  5.737E+01  1.294E+02  2.014E+02  2.734E+02
 -1.463E+01  3.012E-02  5.737E+01  1.294E+02  2.014E+02  2.734E+02
 -1.464E+01  3.135E-02  5.736E+01  1.294E+02  2.014E+02  2.734E+02
 -1.464E+01  3.258E-02  5.736E+01  1.294E+02  2.014E+02  2.734E+02
 -1.464E+01  3.380E-02  5.736E+01  1.294E+02  2.014E+02  2.734E+02
 -1.464E+01  3.503E-02  5.736E+01  1.294E+02  2.014E+02  2.734E+02
 -1.464E+01  3.626E-02  5.736E+01  1.294E+02  2.014E+02  2.734E+02
 -1.464E+01  3.749E-02  5.736E+01  1.294E+02  2.014E+02  2.734E+02
 -1.465E+01  3.872E-02  5.735E+01  1.294E+02  2.014E+02  2.734E+02
 -1.465E+01  3.995E-02  5.735E+01  1.294E+02  2.014E+02  2.734E+02
 -1.465E+01  4.118E-02  5.735E+01  1.294E+02  2.014E+02  2.734E+02
 -1.465E+01  4.241E-02  5.735E+01  1.294E+02  2.014E+02  2.734E+02
 -1.465E+01  4.364E-02  5.735E+01  1.293E+02  2.013E+02  2.733E+02
 -1.465E+01  4.487E-02  5.735E+01  1.293E+02  2.013E+02  2.733E+02
 -1.465E+01  4.610E-02  5.735E+01  1.293E+02  2.013E+02  2.733E+02
 -1.466E+01  4.733E-02  5.734E+01  1.293E+02  2.013E+02  2.733E+02
 -1.466E+01  4.856E-02  5.734E+01  1.293E+02  2.013E+02  2.733E+02
 -1.466E+01  4.978E-02  5.734E+01  1.293E+02  2.013E+02  2.733E+02
 -1.466E+01  5.101E-02  5.734E+01  1.293E+02  2.013E+02  2.733E+02
 -1.466E+01  5.224E-02  5.734E+01  1.293E+02  2.013E+02  2.733E+02
 -1.466E+01  5.347E-02  5.734E+01  1.293E+02  2.013E+02  2.733E+02
 -1.467E+01  5.470E-02  5.733E+01  1.293E+02  2.013E+02  2.733E+02
 -1.467E+01  5.593E-02  5.733E+01  1.293E+02  2.013E+02  2.733E+02
 -1.467E+01  5.716E-02  5.733E+01  1.293E+02  2.013E+02  2.733E+02
 -1.467E+01  5.839E-02  5.733E+01  1.293E+02  2.013E+02  2.733E+02
 -1.467E+01  5.962E-02  5.733E+01  1.293E+02  2.013E+02  2.733E+02
 -1.467E+01  6.085E-02  5.733E+01  1.293E+02  2.013E+02  2.733E+02
 -1.468E+01  6.208E-02  5.732E+01  1.293E+02  2.013E+02  2.733E+02
 -1.468E+01  6.331E-02  5.732E+01  1.293E+02  2.013E+02  2.733E+02
 -1.468E+01  6.454E-02  5.732E+01  1.293E+02  2.013E+02  2.733E+02
 -1.468E+01  6.577E-02  5.732E+01  1.293E+02  2.013E+02  2.733E+02
 -1.468E+01  6.699E-02  5.732E+01  1.293E+02  2.013E+02  2.733E+02
 -1.469E+01  6.822E-02  5.731E+01  1.293E+02  2.013E+02  2.733E+02
 -1.469E+01  6.945E-02  5.731E+01  1.293E+02  2.013E+02  2.733E+02
 -1.469E+01  7.068E-02  5.731E+01  1.293E+02  2.013E+02  2.733E+02
 -1.469E+01  7.191E-02  5.731E+01  1.293E+02  2.013E+02  2.733E+02
 -1.469E+01  7.314E-02  5.731E+01  1.293E+02  2.013E+02  2.733E+02
 -1.470E+01  7.437E-02  5.730E+01  1.293E+02  2.013E+02  2.733E+02
 -1.470E+01  7.560E-02  5.730E+01  1.293E+02  2.013E+02  2.733E+02
 -1.470E+01  7.683E-02  5.730E+01  1.293E+02  2.013E+02  2.733E+02
 -1.470E+01  7.806E-02  5.730E+01  1.293E+02  2.013E+02  2.733E+02
 -1.470E+01  7.929E-02  5.730E+01  1.293E+02  2.013E+02  2.733E+02
 -1.471E+01  8.052E-02  5.729E+01  1.293E+02  2.013E+02  2.733E+02
 -1.471E+01  8.175E-02  5.729E+01  1.293E+02  2.013E+02  2.733E+02
 -1.471E+01  8.297E-02  5.729E+01  1.293E+02  2.013E+02  2.733E+02
 -1.471E+01  8.420E-02  5.729E+01  1.293E+02  2.013E+02  2.733E+02
 -1.472E+01  8.543E-02  5.728E+01  1.293E+02  2.013E+02  2.733E+02
 -1.472E+01  8.666E-02  5.728E+01  1.293E+02  2.013E+02  2.733E+02
 -1.472E+01  8.789E-02  5.728E+01  1.293E+02  2.013E+02  2.733E+02
 -1.472E+01  8.912E-02  5.728E+01  1.293E+02  2.013E+02  2.733E+02
 -1.473E+01  9.035E-02  5.727E+01  1.293E+02  2.013E+02  2.733E+02
 -1.473E+01  9.158E-02  5.727E+01  1.293E+02  2.013E+02  2.733E+02
 -1.473E+01  9.281E-02  5.727E+01  1.293E+02  2.013E+02  2.733E+02
 -1.473E+01  9.404E-02  5.727E+01  1.293E+02  2.013E+02  2.733E+02
 -1.474E+01  9.527E-02  5.726E+01  1.293E+02  2.013E+02  2.733E+02
 -1.474E+01  9.650E-02  5.726E+01  1.293E+02  2.013E+02  2.733E+02
 -1.474E+01  9.773E-02  5.726E+01  1.293E+02  2.013E+02  2.733E+02
 -1.474E+01  9.896E-02  5.726E+01  1.293E+02  2.013E+02  2.733E+02
 -1.475E+01  1.002E-01  5.725E+01  1.293E+02  2.013E+02  2.733E+02
 -1.475E+01  1.014E-01  5.725E+01  1.293E+02  2.013E+02  2.733E+02
 -1.475E+01  1.026E-01  5.725E+01  1.292E+02  2.012E+02  2.732E+02
 -1.475E+01  1.039E-01  5.725E+01  1.292E+02  2.012E+02  2.732E+02
 -1.476E+01  1.051E-01  5.724E+01  1.292E+02  2.012E+02  2.732E+02
 -1.476E+01  1.063E-01  5.724E+01  1.292E+02  2.012E+02  2.732E+02
 -1.476E+01  1.076E-01  5.724E+01  1.292E+02  2.012E+02  2.732E+02
 -1.477E+01  1.088E-01  5.723E+01  1.292E+02  2.012E+02  2.732E+02
 -1.477E+01  1.100E-01  5.723E+01  1.292E+02  2.012E+02  2.732E+02
 -1.477E+01  1.112E-01  5.723E+01  1.292E+02  2.012E+02  2.732E+02
 -1.478E+01  1.125E-01  5.722E+01  1.292E+02  2.012E+02  2.732E+02
 -1.478E+01  1.137E-01  5.722E+01  1.292E+02  2.012E+02  2.732E+02
 -1.478E+01  1.149E-01  5.722E+01  1.292E+02  2.012E+02  2.732E+02
 -1.479E+01  1.162E-01  5.721E+01  1.292E+02  2.012E+02  2.732E+02
 -1.479E+01  1.174E-01  5.721E+01  1.292E+02  2.012E+02  2.732E+02
 -1.479E+01  1.186E-01  5.721E+01  1.292E+02  2.012E+02  2.732E+02
 -1.480E+01  1.199E-01  5.720E+01  1.292E+02  2.012E+02  2.732E+02
 -1.480E+01  1.211E-01  5.720E+01  1.292E+02  2.012E+02  2.732E+02
 -1.480E+01  1.223E-01  5.720E+01  1.292E+02  2.012E+02  2.732E+02
 -1.481E+01  1.235E-01  5.719E+01  1.292E+02  2.012E+02  2.732E+02
 -1.481E+01  1.248E-01  5.719E+01  1.292E+02  2.012E+02  2.732E+02
 -1.481E+01  1.260E-01  5.719E+01  1.292E+02  2.012E+02  2.732E+02
 -1.482E+01  1.272E-01  5.718E+01  1.292E+02  2.012E+02  2.732E+02
 -1.482E+01  1.285E-01  5.718E+01  1.292E+02  2.012E+02  2.732E+02
 -1.482E+01  1.297E-01  5.718E+01  1.292E+02  2.012E+02  2.732E+02
 -1.483E+01  1.309E-01  5.717E+01  1.292E+02  2.012E+02  2.732E+02
 -1.483E+01  1.321E-01  5.717E+01  1.292E+02  2.012E+02  2.732E+02
 -1.483E+01  1.334E-01  5.717E+01  1.292E+02  2.012E+02  2.732E+02
 -1.484E+01  1.346E-01  5.716E+01  1.292E+02  2.012E+02  2.732E+02
 -1.484E+01  1.358E-01  5.716E+01  1.292E+02  2.012E+02  2.732E+02
 -1.485E+01  1.371E-01  5.715E+01  1.292E+02  2.012E+02  2.732E+02
 -1.485E+01  1.383E-01  5.715E+01  1.291E+02  2.011E+02  2.731E+02
 -1.485E+01  1.395E-01  5.715E+01  1.291E+02  2.011E+02  2.731E+02
 -1.486E+01  1.407E-01  5.714E+01  1.291E+02  2.011E+02  2.731E+02
 -1.486E+01  1.420E-01  5.714E+01  1.291E+02  2.011E+02  2.731E+02
 -1.487E+01  1.432E-01  5.713E+01  1.291E+02  2.011E+02  2.731E+02
 -1.487E+01  1.444E-01  5.713E+01  1.291E+02  2.011E+02  2.731E+02
 -1.488E+01  1.457E-01  5.712E+01  1.291E+02  2.011E+02  2.731E+02
 -1.488E+01  1.469E-01  5.712E+01  1.291E+02  2.011E+02  2.731E+02
 -1.488E+01  1.481E-01  5.712E+01  1.291E+02  2.011E+02  2.731E+02
 -1.489E+01  1.494E-01  5.711E+01  1.291E+02  2.011E+02  2.731E+02
 -1.489E+01  1.506E-01  5.711E+01  1.291E+02  2.011E+02  2.731E+02
 -1.490E+01  1.518E-01  5.710E+01  1.291E+02  2.011E+02  2.731E+02
 -1.490E+01  1.530E-01  5.710E+01  1.291E+02  2.011E+02  2.731E+02
 -1.491E+01  1.543E-01  5.709E+01  1.291E+02  2.011E+02  2.731E+02
 -1.491E+01  1.555E-01  5.709E+01  1.291E+02  2.011E+02  2.731E+02
 -1.492E+01  1.567E-01  5.708E+01  1.291E+02  2.011E+02  2.731E+02
 -1.492E+01  1.580E-01  5.708E+01  1.291E+02  2.011E+02  2.731E+02
 -1.493E+01  1.592E-01  5.707E+01  1.291E+02  2.011E+02  2.731E+02
 -1.493E+01  1.604E-01  5.707E+01  1.291E+02  2.011E+02  2.731E+02
 -1.494E+01  1.616E-01  5.706E+01  1.291E+02  2.011E+02  2.731E+02
 -1.494E+01  1.629E-01  5.706E+01  1.291E+02  2.011E+02  2.731E+02
 -1.495E+01  1.641E-01  5.705E+01  1.291E+02  2.011E+02  2.731E+02
 -1.495E+01  1.653E-01  5.705E+01  1.290E+02  2.010E+02  2.730E+02
 -1.496E+01  1.666E-01  5.704E+01  1.290E+02  2.010E+02  2.730E+02
 -1.496E+01  1.678E-01  5.704E+01  1.290E+02  2.010E+02  2.730E+02
 -1.497E+01  1.690E-01  5.703E+01  1.290E+02  2.010E+02  2.730E+02
 -1.497E+01  1.703E-01  5.703E+01  1.290E+02  2.010E+02  2.730E+02
 -1.498E+01  1.715E-01  5.702E+01  1.290E+02  2.010E+02  2.730E+02
 -1.498E+01  1.727E-01  5.702E+01  1.290E+02  2.010E+02  2.730E+02
 -1.499E+01  1.739E-01  5.701E+01  1.290E+02  2.010E+02  2.730E+02
 -1.499E+01  1.752E-01  5.701E+01  1.290E+02  2.010E+02  2.730E+02
 -1.500E+01  1.764E-01  5.700E+01  1.290E+02  2.010E+02  2.730E+02
 -1.500E+01  1.776E-01  5.700E+01  1.290E+02  2.010E+02  2.730E+02
 -1.501E+01  1.789E-01  5.699E+01  1.290E+02  2.010E+02  2.730E+02
 -1.502E+01  1.801E-01  5.698E+01  1.290E+02  2.010E+02  2.730E+02
 -1.502E+01  1.813E-01  5.698E+01  1.290E+02  2.010E+02  2.730E+02
 -1.503E+01  1.825E-01  5.697E+01  1.290E+02  2.010E+02  2.730E+02
 -1.503E+01  1.838E-01  5.697E+01  1.290E+02  2.010E+02  2.730E+02
 -1.504E+01  1.850E-01  5.696E+01  1.290E+02  2.010E+02  2.730E+02
 -1.505E+01  1.862E-01  5.695E+01  1.290E+02  2.010E+02  2.730E+02
 -1.505E+01  1.875E-01  5.695E+01  1.289E+02  2.009E+02  2.729E+02
 -1.506E+01  1.887E-01  5.694E+01  1.289E+02  2.009E+02  2.729E+02
 -1.506E+01  1.899E-01  5.694E+01  1.289E+02  2.009E+02  2.729E+02
 -1.507E+01  1.911E-01  5.693E+01  1.289E+02  2.009E+02  2.729E+02
 -1.508E+01  1.924E-01  5.692E+01  1.289E+02  2.009E+02  2.729E+02
 -1.508E+01  1.936E-01  5.692E+01  1.289E+02  2.009E+02  2.729E+02
 -1.509E+01  1.948E-01  5.691E+01  1.289E+02  2.009E+02  2.729E+02
 -1.510E+01  1.961E-01  5.690E+01  1.289E+02  2.009E+02  2.729E+02
 -1.510E+01  1.973E-01  5.690E+01  1.289E+02  2.009E+02  2.729E+02
 -1.511E+01  1.985E-01  5.689E+01  1.289E+02  2.009E+02  2.729E+02
 -1.512E+01  1.998E-01  5.688E+01  1.289E+02  2.009E+02  2.729E+02
 -1.512E+01  2.010E-01  5.688E+01  1.289E+02  2.009E+02  2.729E+02
 -1.513E+01  2.022E-01  5.687E+01  1.289E+02  2.009E+02  2.729E+02
 -1.514E+01  2.034E-01  5.686E+01  1.289E+02  2.009E+02  2.729E+02
 -1.514E+01  2.047E-01  5.686E+01  1.289E+02  2.009E+02  2.729E+02
 -1.515E+01  2.059E-01  5.685E+01  1.288E+02  2.008E+02  2.728E+02
 -1.516E+01  2.071E-01  5.684E+01  1.288E+02  2.008E+02  2.728E+02
 -1.517E+01  2.084E-01  5.683E+01  1.288E+02  2.008E+02  2.728E+02
 -1.517E+01  2.096E-01  5.683E+01  1.288E+02  2.008E+02  2.728E+02
 -1.518E+01  2.108E-01  5.682E+01  1.288E+02  2.008E+02  2.728E+02
 -1.519E+01  2.120E-01  5.681E+01  1.288E+02  2.008E+02  2.728E+02
 -1.519E+01  2.133E-01  5.681E+01  1.288E+02  2.008E+02  2.728E+02
 -1.520E+01  2.145E-01  5.680E+01  1.288E+02  2.008E+02  2.728E+02
 -1.521E+01  2.157E-01  5.679E+01  1.288E+02  2.008E+02  2.728E+02
 -1.522E+01  2.170E-01  5.678E+01  1.288E+02  2.008E+02  2.728E+02
 -1.523E+01  2.182E-01  5.677E+01  1.288E+02  2.008E+02  2.728E+02
 -1.523E+01  2.194E-01  5.677E+01  1.288E+02  2.008E+02  2.728E+02
 -1.524E+01  2.207E-01  5.676E+01  1.288E+02  2.008E+02  2.728E+02
 -1.525E+01  2.219E-01  5.675E+01  1.288E+02  2.008E+02  2.728E+02
 -1.526E+01  2.231E-01  5.674E+01  1.287E+02  2.007E+02  2.727E+02
 -1.527E+01  2.243E-01  5.673E+01  1.287E+02  2.007E+02  2.727E+02
 -1.527E+01  2.256E-01  5.673E+01  1.287E+02  2.007E+02  2.727E+02
 -1.528E+01  2.268E-01  5.672E+01  1.287E+02  2.007E+02  2.727E+02
 -1.529E+01  2.280E-01  5.671E+01  1.287E+02  2.007E+02  2.727E+02
 -1.530E+01  2.293E-01  5.670E+01  1.287E+02  2.007E+02  2.727E+02
 -1.531E+01  2.305E-01  5.669E+01  1.287E+02  2.007E+02  2.727E+02
 -1.532E+01  2.317E-01  5.668E+01  1.287E+02  2.007E+02  2.727E+02
 -1.532E+01  2.329E-01  5.668E+01  1.287E+02  2.007E+02  2.727E+02
 -1.533E+01  2.342E-01  5.667E+01  1.287E+02  2.007E+02  2.727E+02
 -1.534E+01  2.354E-01  5.666E+01  1.287E+02  2.007E+02  2.727E+02
 -1.535E+01  2.366E-01  5.665E+01  1.286E+02  2.006E+02  2.726E+02
 -1.536E+01  2.379E-01  5.664E+01  1.286E+02  2.006E+02  2.726E+02
 -1.537E+01  2.391E-01  5.663E+01  1.286E+02  2.006E+02  2.726E+02
 -1.538E+01  2.403E-01  5.662E+01  1.286E+02  2.006E+02  2.726E+02
 -1.539E+01  2.415E-01  5.661E+01  1.286E+02  2.006E+02  2.726E+02
 -1.540E+01  2.428E-01  5.660E+01  1.286E+02  2.006E+02  2.726E+02
 -1.541E+01  2.440E-01  5.659E+01  1.286E+02  2.006E+02  2.726E+02
 -1.542E+01  2.452E-01  5.658E+01  1.286E+02  2.006E+02  2.726E+02
 -1.543E+01  2.465E-01  5.657E+01  1.286E+02  2.006E+02  2.726E+02
 -1.544E+01  2.477E-01  5.656E+01  1.286E+02  2.006E+02  2.726E+02
 -1.544E+01  2.489E-01  5.656E+01  1.286E+02  2.006E+02  2.726E+02
 -1.545E+01  2.502E-01  5.655E+01  1.285E+02  2.005E+02  2.725E+02
 -1.546E+01  2.514E-01  5.654E+01  1.285E+02  2.005E+02  2.725E+02
 -1.547E+01  2.526E-01  5.653E+01  1.285E+02  2.005E+02  2.725E+02
 -1.548E+01  2.538E-01  5.652E+01  1.285E+02  2.005E+02  2.725E+02
 -1.549E+01  2.551E-01  5.651E+01  1.285E+02  2.005E+02  2.725E+02
 -1.550E+01  2.563E-01  5.650E+01  1.285E+02  2.005E+02  2.725E+02
 -1.552E+01  2.575E-01  5.648E+01  1.285E+02  2.005E+02  2.725E+02
 -1.553E+01  2.588E-01  5.647E+01  1.285E+02  2.005E+02  2.725E+02
 -1.554E+01  2.600E-01  5.646E+01  1.285E+02  2.005E+02  2.725E+02
 -1.555E+01  2.612E-01  5.645E+01  1.285E+02  2.005E+02  2.725E+02
 -1.556E+01  2.624E-01  5.644E+01  1.284E+02  2.004E+02  2.724E+02
 -1.557E+01  2.637E-01  5.643E+01  1.284E+02  2.004E+02  2.724E+02
 -1.558E+01  2.649E-01  5.642E+01  1.284E+02  2.004E+02  2.724E+02
 -1.559E+01  2.661E-01  5.641E+01  1.284E+02  2.004E+02  2.724E+02
 -1.560E+01  2.674E-01  5.640E+01  1.284E+02  2.004E+02  2.724E+02
 -1.561E+01  2.686E-01  5.639E+01  1.284E+02  2.004E+02  2.724E+02
 -1.562E+01  2.698E-01  5.638E+01  1.284E+02  2.004E+02  2.724E+02
 -1.563E+01  2.711E-01  5.637E+01  1.284E+02  2.004E+02  2.724E+02
 -1.564E+01  2.723E-01  5.636E+01  1.284E+02  2.004E+02  2.724E+02
 -1.566E+01  2.735E-01  5.634E+01  1.283E+02  2.003E+02  2.723E+02
 -1.567E+01  2.747E-01  5.633E+01  1.283E+02  2.003E+02  2.723E+02
 -1.568E+01  2.760E-01  5.632E+01  1.283E+02  2.003E+02  2.723E+02
 -1.569E+01  2.772E-01  5.631E+01  1.283E+02  2.003E+02  2.723E+02
 -1.570E+01  2.784E-01  5.630E+01  1.283E+02  2.003E+02  2.723E+02
 -1.571E+01  2.797E-01  5.629E+01  1.283E+02  2.003E+02  2.723E+02
 -1.573E+01  2.809E-01  5.627E+01  1.283E+02  2.003E+02  2.723E+02
 -1.574E+01  2.821E-01  5.626E+01  1.283E+02  2.003E+02  2.723E+02
 -1.575E+01  2.833E-01  5.625E+01  1.283E+02  2.003E+02  2.723E+02
 -1.576E+01  2.846E-01  5.624E+01  1.282E+02  2.002E+02  2.722E+02
 -1.577E+01  2.858E-01  5.623E+01  1.282E+02  2.002E+02  2.722E+02
 -1.579E+01  2.870E-01  5.621E+01  1.282E+02  2.002E+02  2.722E+02
 -1.580E+01  2.883E-01  5.620E+01  1.282E+02  2.002E+02  2.722E+02
 -1.581E+01  2.895E-01  5.619E+01  1.282E+02  2.002E+02  2.722E+02
 -1.582E+01  2.907E-01  5.618E+01  1.282E+02  2.002E+02  2.722E+02
 -1.583E+01  2.919E-01  5.617E+01  1.282E+02  2.002E+02  2.722E+02
 -1.585E+01  2.932E-01  5.615E+01  1.282E+02  2.002E+02  2.722E+02
 -1.586E+01  2.944E-01  5.614E+01  1.281E+02  2.001E+02  2.721E+02
 -1.587E+01  2.956E-01  5.613E+01  1.281E+02  2.001E+02  2.721E+02
 -1.588E+01  2.969E-01  5.612E+01  1.281E+02  2.001E+02  2.721E+02
 -1.590E+01  2.981E-01  5.610E+01  1.281E+02  2.001E+02  2.721E+02
 -1.591E+01  2.993E-01  5.609E+01  1.281E+02  2.001E+02  2.721E+02
 -1.592E+01  3.006E-01  5.608E+01  1.281E+02  2.001E+02  2.721E+02
 -1.593E+01  3.018E-01  5.607E+01  1.281E+02  2.001E+02  2.721E+02
 -1.595E+01  3.030E-01  5.605E+01  1.281E+02  2.001E+02  2.721E+02
 -1.596E+01  3.042E-01  5.604E+01  1.280E+02  2.000E+02  2.720E+02
 -1.597E+01  3.055E-01  5.603E+01  1.280E+02  2.000E+02  2.720E+02
 -1.598E+01  3.067E-01  5.602E+01  1.280E+02  2.000E+02  2.720E+02
 -1.599E+01  3.079E-01  5.601E+01  1.280E+02  2.000E+02  2.720E+02
 -1.601E+01  3.092E-01  5.599E+01  1.280E+02  2.000E+02  2.720E+02
 -1.602E+01  3.104E-01  5.598E+01  1.280E+02  2.000E+02  2.720E+02
 -1.603E+01  3.116E-01  5.597E+01  1.280E+02  2.000E+02  2.720E+02
 -1.604E+01  3.128E-01  5.596E+01  1.280E+02  2.000E+02  2.720E+02
 -1.605E+01  3.141E-01  5.595E+01  1.280E+02  2.000E+02  2.720E+02
 -1.605E+01  3.153E-01  5.595E+01  1.279E+02  1.999E+02  2.719E+02
 -1.606E+01  3.165E-01  5.594E+01  1.279E+02  1.999E+02  2.719E+02
 -1.605E+01  3.178E-01  5.595E+01  1.279E+02  1.999E+02  2.719E+02
 -1.281E+01  8.844E-01  5.919E+01  1.312E+02  2.032E+02  2.752E+02
 -1.288E+01  8.857E-01  5.912E+01  1.311E+02  2.031E+02  2.751E+02
 -1.294E+01  8.869E-01  5.906E+01  1.311E+02  2.031E+02  2.751E+02
 -1.300E+01  8.881E-01  5.900E+01  1.310E+02  2.030E+02  2.750E+02
 -1.305E+01  8.894E-01  5.895E+01  1.309E+02  2.029E+02  2.749E+02
 -1.311E+01  8.906E-01  5.889E+01  1.309E+02  2.029E+02  2.749E+02
 -1.316E+01  8.918E-01  5.884E+01  1.308E+02  2.028E+02  2.748E+02
 -1.321E+01  8.931E-01  5.879E+01  1.308E+02  2.028E+02  2.748E+02
 -1.327E+01  8.943E-01  5.873E+01  1.307E+02  2.027E+02  2.747E+02
 -1.332E+01  8.955E-01  5.868E+01  1.307E+02  2.027E+02  2.747E+02
 -1.337E+01  8.967E-01  5.863E+01  1.306E+02  2.026E+02  2.746E+02
 -1.341E+01  8.980E-01  5.859E+01  1.306E+02  2.026E+02  2.746E+02
 -1.346E+01  8.992E-01  5.854E+01  1.305E+02  2.025E+02  2.745E+02
 -1.351E+01  9.004E-01  5.849E+01  1.305E+02  2.025E+02  2.745E+02
 -1.355E+01  9.017E-01  5.845E+01  1.304E+02  2.024E+02  2.744E+02
 -1.360E+01  9.029E-01  5.840E+01  1.304E+02  2.024E+02  2.744E+02
 -1.365E+01  9.041E-01  5.835E+01  1.304E+02  2.024E+02  2.744E+02
 -1.369E+01  9.053E-01  5.831E+01  1.303E+02  2.023E+02  2.743E+02
 -1.373E+01  9.066E-01  5.827E+01  1.303E+02  2.023E+02  2.743E+02
 -1.378E+01  9.078E-01  5.822E+01  1.302E+02  2.022E+02  2.742E+02
 -1.382E+01  9.090E-01  5.818E+01  1.302E+02  2.022E+02  2.742E+02
 -1.387E+01  9.103E-01  5.813E+01  1.301E+02  2.021E+02  2.741E+02
 -1.391E+01  9.115E-01  5.809E+01  1.301E+02  2.021E+02  2.741E+02
 -1.395E+01  9.127E-01  5.805E+01  1.300E+02  2.020E+02  2.740E+02
 -1.399E+01  9.140E-01  5.801E+01  1.300E+02  2.020E+02  2.740E+02
 -1.403E+01  9.152E-01  5.797E+01  1.300E+02  2.020E+02  2.740E+02
 -1.408E+01  9.164E-01  5.792E+01  1.299E+02  2.019E+02  2.739E+02
 -1.412E+01  9.176E-01  5.788E+01  1.299E+02  2.019E+02  2.739E+02
 -1.416E+01  9.189E-01  5.784E+01  1.298E+02  2.018E+02  2.738E+02
 -1.420E+01  9.201E-01  5.780E+01  1.298E+02  2.018E+02  2.738E+02
 -1.424E+01  9.213E-01  5.776E+01  1.298E+02  2.018E+02  2.738E+02
 -1.429E+01  9.226E-01  5.771E+01  1.297E+02  2.017E+02  2.737E+02
 -1.433E+01  9.238E-01  5.767E+01  1.297E+02  2.017E+02  2.737E+02
 -1.437E+01  9.250E-01  5.763E+01  1.296E+02  2.016E+02  2.736E+02
 -1.441E+01  9.262E-01  5.759E+01  1.296E+02  2.016E+02  2.736E+02
 -1.445E+01  9.275E-01  5.755E+01  1.295E+02  2.015E+02  2.735E+02
 -1.449E+01  9.287E-01  5.751E+01  1.295E+02  2.015E+02  2.735E+02
 -1.454E+01  9.299E-01  5.746E+01  1.295E+02  2.015E+02  2.735E+02
 -1.458E+01  9.312E-01  5.742E+01  1.294E+02  2.014E+02  2.734E+02
 -1.462E+01  9.324E-01  5.738E+01  1.294E+02  2.014E+02  2.734E+02
 -1.467E+01  9.336E-01  5.733E+01  1.293E+02  2.013E+02  2.733E+02
 -1.471E+01  9.348E-01  5.729E+01  1.293E+02  2.013E+02  2.733E+02
 -1.475E+01  9.361E-01  5.725E+01  1.292E+02  2.012E+02  2.732E+02
 -1.480E+01  9.373E-01  5.720E+01  1.292E+02  2.012E+02  2.732E+02
 -1.484E+01  9.385E-01  5.716E+01  1.292E+02  2.012E+02  2.732E+02
 -1.489E+01  9.398E-01  5.711E+01  1.291E+02  2.011E+02  2.731E+02
 -1.494E+01  9.410E-01  5.706E+01  1.291E+02  2.011E+02  2.731E+02
 -1.498E+01  9.422E-01  5.702E+01  1.290E+02  2.010E+02  2.730E+02
 -1.503E+01  9.435E-01  5.697E+01  1.290E+02  2.010E+02  2.730E+02
 -1.508E+01  9.447E-01  5.692E+01  1.289E+02  2.009E+02  2.729E+02
 -1.513E+01  9.459E-01  5.687E+01  1.289E+02  2.009E+02  2.729E+02
 -1.518E+01  9.471E-01  5.682E+01  1.288E+02  2.008E+02  2.728E+02
 -1.523E+01  9.484E-01  5.677E+01  1.288E+02  2.008E+02  2.728E+02
 -1.528E+01  9.496E-01  5.672E+01  1.287E+02  2.007E+02  2.727E+02
 -1.534E+01  9.508E-01  5.666E+01  1.287E+02  2.007E+02  2.727E+02
 -1.539E+01  9.521E-01  5.661E+01  1.286E+02  2.006E+02  2.726E+02
 -1.545E+01  9.533E-01  5.655E+01  1.286E+02  2.006E+02  2.726E+02
 -1.551E+01  9.545E-01  5.649E+01  1.285E+02  2.005E+02  2.725E+02
 -1.557E+01  9.557E-01  5.643E+01  1.284E+02  2.004E+02  2.724E+02
 -1.563E+01  9.570E-01  5.637E+01  1.284E+02  2.004E+02  2.724E+02
 -1.569E+01  9.582E-01  5.631E+01  1.283E+02  2.003E+02  2.723E+02
 -1.576E+01  9.594E-01  5.624E+01  1.282E+02  2.002E+02  2.722E+02
 -1.582E+01  9.607E-01  5.618E+01  1.282E+02  2.002E+02  2.722E+02
 -1.589E+01  9.619E-01  5.611E+01  1.281E+02  2.001E+02  2.721E+02
 -1.597E+01  9.631E-01  5.603E+01  1.280E+02  2.000E+02  2.720E+02
 -1.604E+01  9.644E-01  5.596E+01  1.280E+02  2.000E+02  2.720E+02
 -1.612E+01  9.656E-01  5.588E+01  1.279E+02  1.999E+02  2.719E+02
 -1.620E+01  9.668E-01  5.580E+01  1.278E+02  1.998E+02  2.718E+02
 -1.629E+01  9.680E-01  5.571E+01  1.277E+02  1.997E+02  2.717E+02
 -1.638E+01  9.693E-01  5.562E+01  1.276E+02  1.996E+02  2.716E+02
 -1.647E+01  9.705E-01  5.553E+01  1.275E+02  1.995E+02  2.715E+02
 -1.657E+01  9.717E-01  5.543E+01  1.274E+02  1.994E+02  2.714E+02
 -1.668E+01  9.730E-01  5.532E+01  1.273E+02  1.993E+02  2.713E+02
 -1.679E+01  9.742E-01  5.521E+01  1.272E+02  1.992E+02  2.712E+02
 -1.691E+01  9.754E-01  5.509E+01  1.271E+02  1.991E+02  2.711E+02
 -1.703E+01  9.766E-01  5.497E+01  1.270E+02  1.990E+02  2.710E+02
 -1.717E+01  9.779E-01  5.483E+01  1.268E+02  1.988E+02  2.708E+02
 -1.731E+01  9.791E-01  5.469E+01  1.267E+02  1.987E+02  2.707E+02
 -1.746E+01  9.803E-01  5.454E+01  1.265E+02  1.985E+02  2.705E+02
 -1.762E+01  9.816E-01  5.438E+01  1.264E+02  1.984E+02  2.704E+02
 -1.780E+01  9.828E-01  5.420E+01  1.262E+02  1.982E+02  2.702E+02
 -1.799E+01  9.840E-01  5.401E+01  1.260E+02  1.980E+02  2.700E+02
 -1.820E+01  9.852E-01  5.380E+01  1.258E+02  1.978E+02  2.698E+02
 -1.843E+01  9.865E-01  5.357E+01  1.256E+02  1.976E+02  2.696E+02
 -1.869E+01  9.877E-01  5.331E+01  1.253E+02  1.973E+02  2.693E+02
 -1.897E+01  9.889E-01  5.303E+01  1.250E+02  1.970E+02  2.690E+02
 -1.928E+01  9.902E-01  5.272E+01  1.247E+02  1.967E+02  2.687E+02
 -1.963E+01  9.914E-01  5.237E+01  1.244E+02  1.964E+02  2.684E+02
 -2.002E+01  9.926E-01  5.198E+01  1.240E+02  1.960E+02  2.680E+02
 -2.047E+01  9.939E-01  5.153E+01  1.235E+02  1.955E+02  2.675E+02
 -2.098E+01  9.951E-01  5.102E+01  1.230E+02  1.950E+02  2.670E+02
 -2.158E+01  9.963E-01  5.042E+01  1.224E+02  1.944E+02  2.664E+02
 -2.227E+01  9.975E-01  4.973E+01  1.217E+02  1.937E+02  2.657E+02
 -2.310E+01  9.988E-01  4.890E+01  1.209E+02  1.929E+02  2.649E+02
 -2.410E+01  1.000E+00  4.790E+01  1.199E+02  1.919E+02  2.639E+02
 -2.531E+01  1.001E+00  4.669E+01  1.187E+02  1.907E+02  2.627E+02
 -2.680E+01  1.002E+00  4.520E+01  1.172E+02  1.892E+02  2.612E+02
 -2.867E+01  1.004E+00  4.333E+01  1.153E+02  1.873E+02  2.593E+02
 -3.102E+01  1.005E+00  4.098E+01  1.130E+02  1.850E+02  2.570E+02
 -3.397E+01  1.006E+00  3.803E+01  1.100E+02  1.820E+02  2.540E+02
 -3.757E+01  1.007E+00  3.443E+01  1.064E+02  1.784E+02  2.504E+02
 -4.175E+01  1.009E+00  3.025E+01  1.022E+02  1.742E+02  2.462E+02
 -4.619E+01  1.010E+00  2.581E+01  9.781E+01  1.698E+02  2.418E+02
 -5.045E+01  1.011E+00  2.155E+01  9.355E+01  1.656E+02  2.376E+02
 -5.417E+01  1.012E+00  1.783E+01  8.983E+01  1.618E+02  2.338E+02
 -5.724E+01  1.014E+00  1.476E+01  8.676E+01  1.588E+02  2.308E+02
 -5.969E+01  1.015E+00  1.231E+01  8.431E+01  1.563E+02  2.283E+02
 -6.164E+01  1.016E+00  1.036E+01  8.236E+01  1.544E+02  2.264E+02
 -6.320E+01  1.017E+00  8.805E+00  8.080E+01  1.528E+02  2.248E+02
 -6.445E+01  1.018E+00  7.547E+00  7.955E+01  1.515E+02  2.235E+02
 -6.548E+01  1.020E+00  6.517E+00  7.852E+01  1.505E+02  2.225E+02
 -6.634E+01  1.021E+00  5.662E+00  7.766E+01  1.497E+02  2.217E+02
 -6.706E+01  1.022E+00  4.943E+00  7.694E+01  1.489E+02  2.209E+02
 -6.767E+01  1.023E+00  4.330E+00  7.633E+01  1.483E+02  2.203E+02
 -6.820E+01  1.025E+00  3.802E+00  7.580E+01  1.478E+02  2.198E+02
 -6.866E+01  1.026E+00  3.344E+00  7.534E+01  1.473E+02  2.193E+02
 -6.906E+01  1.027E+00  2.941E+00  7.494E+01  1.469E+02  2.189E+02
 -6.942E+01  1.028E+00  2.585E+00  7.458E+01  1.466E+02  2.186E+02
 -6.973E+01  1.030E+00  2.267E+00  7.427E+01  1.463E+02  2.183E+02
 -7.002E+01  1.031E+00  1.982E+00  7.398E+01  1.460E+02  2.180E+02
 -7.028E+01  1.032E+00  1.725E+00  7.372E+01  1.457E+02  2.177E+02
 -7.051E+01  1.033E+00  1.491E+00  7.349E+01  1.455E+02  2.175E+02
 -7.072E+01  1.034E+00  1.278E+00  7.328E+01  1.453E+02  2.173E+02
 -7.092E+01  1.036E+00  1.082E+00  7.308E+01  1.451E+02  2.171E+02
 -7.110E+01  1.037E+00  9.019E-01  7.290E+01  1.449E+02  2.169E+02
 -7.126E+01  1.038E+00  7.351E-01  7.274E+01  1.447E+02  2.167E+02
 -7.142E+01  1.039E+00  5.803E-01  7.258E+01  1.446E+02  2.166E+02
 -7.156E+01  1.041E+00  4.361E-01  7.244E+01  1.444E+02  2.164E+02
 -7.170E+01  1.042E+00  3.012E-01  7.230E+01  1.443E+02  2.163E+02
 -7.183E+01  1.043E+00  1.747E-01  7.217E+01  1.442E+02  2.162E+02
 -7.194E+01  1.044E+00  5.572E-02  7.206E+01  1.441E+02  2.161E+02
 -7.206E+01  1.045E+00 -5.651E-02  7.194E+01  1.439E+02  2.159E+02
 -7.216E+01  1.047E+00 -1.626E-01  7.184E+01  1.438E+02  2.158E+02
 -7.226E+01  1.048E+00 -2.633E-01  7.174E+01  1.437E+02  2.157E+02
 -7.236E+01  1.049E+00 -3.589E-01  7.164E+01  1.436E+02  2.156E+02
 -7.245E+01  1.050E+00 -4.499E-01  7.155E+01  1.436E+02  2.156E+02
 -7.254E+01  1.052E+00 -5.369E-01  7.146E+01  1.435E+02  2.155E+02
 -7.262E+01  1.053E+00 -6.200E-01  7.138E+01  1.434E+02  2.154E+02
 -7.270E+01  1.054E+00 -6.996E-01  7.130E+01  1.433E+02  2.153E+02
 -7.278E+01  1.055E+00 -7.761E-01  7.122E+01  1.432E+02  2.152E+02
 -7.285E+01  1.057E+00 -8.496E-01  7.115E+01  1.432E+02  2.152E+02
 -7.292E+01  1.058E+00 -9.205E-01  7.108E+01  1.431E+02  2.151E+02
 -7.299E+01  1.059E+00 -9.888E-01  7.101E+01  1.430E+02  2.150E+02
 -7.305E+01  1.060E+00 -1.055E+00  7.095E+01  1.429E+02  2.149E+02
 -7.312E+01  1.061E+00 -1.119E+00  7.088E+01  1.429E+02  2.149E+02
 -7.318E+01  1.063E+00 -1.181E+00  7.082E+01  1.428E+02  2.148E+02
 -7.324E+01  1.064E+00 -1.241E+00  7.076E+01  1.428E+02  2.148E+02
 -7.330E+01  1.065E+00 -1.300E+00  7.070E+01  1.427E+02  2.147E+02
 -7.336E+01  1.066E+00 -1.356E+00  7.064E+01  1.426E+02  2.146E+02
 -7.341E+01  1.068E+00 -1.412E+00  7.059E+01  1.426E+02  2.146E+02
 -7.347E+01  1.069E+00 -1.466E+00  7.053E+01  1.425E+02  2.145E+02
 -7.352E+01  1.070E+00 -1.519E+00  7.048E+01  1.425E+02  2.145E+02
 -7.357E+01  1.071E+00 -1.571E+00  7.043E+01  1.424E+02  2.144E+02
 -7.362E+01  1.073E+00 -1.622E+00  7.038E+01  1.424E+02  2.144E+02
 -7.367E+01  1.074E+00 -1.671E+00  7.033E+01  1.423E+02  2.143E+02
 -7.372E+01  1.075E+00 -1.720E+00  7.028E+01  1.423E+02  2.143E+02
 -7.377E+01  1.076E+00 -1.768E+00  7.023E+01  1.422E+02  2.142E+02
 -7.382E+01  1.077E+00 -1.815E+00  7.018E+01  1.422E+02  2.142E+02
 -7.386E+01  1.079E+00 -1.861E+00  7.014E+01  1.421E+02  2.141E+02
 -7.391E+01  1.080E+00 -1.907E+00  7.009E+01  1.421E+02  2.141E+02
 -7.395E+01  1.081E+00 -1.952E+00  7.005E+01  1.420E+02  2.140E+02
 -7.400E+01  1.082E+00 -1.997E+00  7.000E+01  1.420E+02  2.140E+02
 -7.404E+01  1.084E+00 -2.041E+00  6.996E+01  1.420E+02  2.140E+02
 -7.408E+01  1.085E+00 -2.084E+00  6.992E+01  1.419E+02  2.139E+02
 -7.413E+01  1.086E+00 -2.127E+00  6.987E+01  1.419E+02  2.139E+02
 -7.417E+01  1.087E+00 -2.170E+00  6.983E+01  1.418E+02  2.138E+02
 -7.421E+01  1.089E+00 -2.212E+00  6.979E+01  1.418E+02  2.138E+02
 -7.425E+01  1.090E+00 -2.254E+00  6.975E+01  1.417E+02  2.137E+02
 -7.430E+01  1.091E+00 -2.296E+00  6.970E+01  1.417E+02  2.137E+02
 -7.434E+01  1.092E+00 -2.337E+00  6.966E+01  1.417E+02  2.137E+02
 -7.438E+01  1.093E+00 -2.378E+00  6.962E+01  1.416E+02  2.136E+02
 -7.442E+01  1.095E+00 -2.419E+00  6.958E+01  1.416E+02  2.136E+02
 -7.446E+01  1.096E+00 -2.460E+00  6.954E+01  1.415E+02  2.135E+02
 -7.450E+01  1.097E+00 -2.501E+00  6.950E+01  1.415E+02  2.135E+02
 -7.454E+01  1.098E+00 -2.541E+00  6.946E+01  1.415E+02  2.135E+02
 -7.458E+01  1.100E+00 -2.581E+00  6.942E+01  1.414E+02  2.134E+02
 -7.462E+01  1.101E+00 -2.622E+00  6.938E+01  1.414E+02  2.134E+02
 -7.466E+01  1.102E+00 -2.662E+00  6.934E+01  1.413E+02  2.133E+02
 -7.470E+01  1.103E+00 -2.702E+00  6.930E+01  1.413E+02  2.133E+02
 -7.474E+01  1.104E+00 -2.742E+00  6.926E+01  1.413E+02  2.133E+02
 -7.478E+01  1.106E+00 -2.783E+00  6.922E+01  1.412E+02  2.132E+02
 -7.482E+01  1.107E+00 -2.823E+00  6.918E+01  1.412E+02  2.132E+02
 -7.486E+01  1.108E+00 -2.863E+00  6.914E+01  1.411E+02  2.131E+02
 -7.490E+01  1.109E+00 -2.903E+00  6.910E+01  1.411E+02  2.131E+02
 -7.494E+01  1.111E+00 -2.943E+00  6.906E+01  1.411E+02  2.131E+02
 -7.498E+01  1.112E+00 -2.984E+00  6.902E+01  1.410E+02  2.130E+02
 -7.502E+01  1.113E+00 -3.024E+00  6.898E+01  1.410E+02  2.130E+02
 -7.506E+01  1.114E+00 -3.065E+00  6.894E+01  1.409E+02  2.129E+02
 -7.510E+01  1.116E+00 -3.105E+00  6.890E+01  1.409E+02  2.129E+02
 -7.515E+01  1.117E+00 -3.145E+00  6.885E+01  1.409E+02  2.129E+02
 -7.519E+01  1.118E+00 -3.185E+00  6.881E+01  1.408E+02  2.128E+02
 -7.523E+01  1.119E+00 -3.225E+00  6.877E+01  1.408E+02  2.128E+02
 -7.526E+01  1.120E+00 -3.265E+00  6.874E+01  1.407E+02  2.127E+02
 -7.530E+01  1.122E+00 -3.304E+00  6.870E+01  1.407E+02  2.127E+02
 -7.534E+01  1.123E+00 -3.341E+00  6.866E+01  1.407E+02  2.127E+02
